1	686	6296	k27_peak_1	173	.	2.47662	18.77484	17.34223
1	8036	17983	k27_peak_2	237	.	4.10153	25.35744	23.77169
1	51436	52223	k27_peak_3	100	.	3.14003	11.26098	10.00131
1	83239	86188	k27_peak_4	242	.	3.55564	25.79824	24.20553
1	131573	132029	k27_peak_5	16	.	1.79512	2.65853	1.62872
1	272680	275387	k27_peak_6	244	.	5.33364	26.08870	24.49040
1	301158	308721	k27_peak_7	238	.	3.15095	25.43249	23.85005
1	311440	316740	k27_peak_8	415	.	6.99105	43.65260	41.55009
1	320411	322412	k27_peak_9	80	.	1.84268	9.22088	8.00556
1	343317	359666	k27_peak_10	357	.	4.65611	37.68080	35.77365
1	361506	362763	k27_peak_11	35	.	2.10278	4.61726	3.52589
1	460039	461411	k27_peak_12	196	.	4.37731	21.14889	19.66618
1	480441	482475	k27_peak_13	83	.	2.94095	9.58726	8.36715
1	551610	552357	k27_peak_14	22	.	2.01299	3.32431	2.26981
1	573992	577919	k27_peak_15	506	.	9.07580	53.19979	50.69739
1	611997	613345	k27_peak_16	108	.	2.35723	12.17046	10.88776
1	614231	614716	k27_peak_17	54	.	2.01694	6.63847	5.49124
1	636074	636552	k27_peak_18	14	.	1.90663	2.51773	1.49358
1	688410	689583	k27_peak_19	39	.	2.39106	5.04698	3.93869
1	710299	710884	k27_peak_20	29	.	2.04380	4.00796	2.93084
1	717344	717917	k27_peak_21	42	.	2.32187	5.35717	4.23917
1	728077	728503	k27_peak_22	40	.	2.47193	5.15338	4.04311
1	788774	789524	k27_peak_23	12	.	1.95773	2.30274	1.28753
1	791177	791631	k27_peak_24	28	.	2.39655	3.89403	2.82121
1	817639	818486	k27_peak_25	97	.	3.21939	10.96348	9.71685
1	853119	854460	k27_peak_26	132	.	3.80314	14.54305	13.20636
1	880491	881158	k27_peak_27	96	.	1.96271	10.93352	9.67380
1	884133	884609	k27_peak_28	22	.	1.70759	3.32825	2.27516
1	958068	958363	k27_peak_29	127	.	2.40599	14.11818	12.79264
1	986204	997899	k27_peak_30	158	.	2.59711	17.22065	15.82434
1	1014212	1017601	k27_peak_31	197	.	3.54770	21.21177	19.72571
1	1018462	1021317	k27_peak_32	141	.	2.88362	15.47724	14.11847
1	1025529	1026430	k27_peak_33	27	.	2.18336	3.79677	2.72906
1	1083880	1084777	k27_peak_34	34	.	2.21558	4.50531	3.41501
1	1138553	1142103	k27_peak_35	507	.	7.99523	53.13192	50.73605
1	1144084	1156853	k27_peak_36	92	.	2.18912	10.51631	9.27501
1	1165985	1166708	k27_peak_37	24	.	2.06836	3.45902	2.40080
1	1185024	1185822	k27_peak_38	54	.	1.81568	6.64083	5.49059
1	1203457	1206186	k27_peak_39	315	.	4.72377	33.38751	31.55967
1	1243410	1249778	k27_peak_40	286	.	3.90058	30.38357	28.67863
1	1281557	1282185	k27_peak_41	145	.	3.27124	15.88766	14.52050
1	1330154	1330782	k27_peak_42	14	.	1.77965	2.46284	1.44119
1	1543477	1544480	k27_peak_43	84	.	2.92146	9.68911	8.45742
1	1592006	1592248	k27_peak_44	21	.	1.93975	3.23563	2.18489
1	1719529	1725067	k27_peak_45	485	.	7.81822	51.02150	48.59197
1	1739640	1740690	k27_peak_46	180	.	3.96974	19.48626	18.03954
1	1772641	1777522	k27_peak_47	177	.	3.69526	19.19270	17.74604
1	1786934	1787169	k27_peak_48	43	.	2.22632	5.44342	4.32179
1	1796138	1797834	k27_peak_49	218	.	4.13453	23.37873	21.84632
1	1814551	1815531	k27_peak_50	54	.	2.67188	6.57696	5.42584
1	1819648	1822974	k27_peak_51	487	.	7.59325	51.11337	48.71952
1	1828530	1828988	k27_peak_52	24	.	2.16725	3.53366	2.47221
1	1834092	1834304	k27_peak_53	15	.	1.79580	2.53082	1.50595
1	1899369	1900867	k27_peak_54	140	.	3.74194	15.38461	14.03366
1	1985732	1986012	k27_peak_55	21	.	1.93852	3.15562	2.10808
1	1993590	1995512	k27_peak_56	57	.	2.75826	6.88359	5.72757
1	2044659	2047617	k27_peak_57	77	.	2.69402	8.98099	7.77016
1	2218168	2219322	k27_peak_58	99	.	3.17226	11.21787	9.95547
1	2238293	2246560	k27_peak_59	315	.	5.59938	33.34991	31.53852
1	2248357	2250015	k27_peak_60	69	.	3.02496	8.16659	6.97356
1	2263761	2263994	k27_peak_61	18	.	2.08067	2.87870	1.83985
1	2270774	2271650	k27_peak_62	45	.	1.64090	5.64378	4.51927
1	2331214	2332751	k27_peak_63	125	.	2.99870	13.90298	12.57915
1	2338064	2340948	k27_peak_64	104	.	3.33462	11.75973	10.48665
1	2355733	2356007	k27_peak_65	32	.	1.79218	4.32787	3.24097
1	2505653	2525074	k27_peak_66	272	.	3.79198	28.89941	27.23106
1	2531657	2534700	k27_peak_67	326	.	6.08251	34.41905	32.61835
10	373	806	k27_peak_68	36	.	1.59649	4.76223	3.66276
10	19442	25039	k27_peak_69	262	.	7.31156	27.95500	26.24756
10	28538	29191	k27_peak_70	23	.	2.13458	3.36433	2.30830
10	35845	36167	k27_peak_71	13	.	1.77858	2.34963	1.33271
10	37095	39091	k27_peak_72	149	.	3.91722	16.35301	14.97607
10	50256	55305	k27_peak_73	56	.	1.60375	6.77424	5.62151
10	59321	63837	k27_peak_74	70	.	2.52919	8.26536	7.07201
10	73776	77638	k27_peak_75	58	.	2.44938	6.96001	5.80344
10	82941	85107	k27_peak_76	111	.	3.27603	12.47459	11.18492
10	131826	134588	k27_peak_77	91	.	3.32727	10.39265	9.14939
10	138910	140675	k27_peak_78	124	.	3.31224	13.76655	12.45214
10	163509	164645	k27_peak_79	56	.	2.68360	6.80656	5.64852
10	200958	201660	k27_peak_80	25	.	1.65918	3.59311	2.53255
10	247391	249198	k27_peak_81	69	.	2.71680	8.13809	6.94543
10	293971	295804	k27_peak_82	30	.	2.23526	4.16510	3.08513
10	305240	306605	k27_peak_83	96	.	2.52864	10.88346	9.63965
10	317497	319275	k27_peak_84	71	.	2.86558	8.34407	7.15325
10	346050	346412	k27_peak_85	170	.	4.13828	18.43929	17.02637
10	347908	348634	k27_peak_86	139	.	3.43898	15.33130	13.97625
10	363992	367407	k27_peak_87	206	.	3.18475	22.11924	20.61582
10	414214	415090	k27_peak_88	29	.	2.03638	4.04147	2.96550
10	436348	437009	k27_peak_89	17	.	1.91432	2.82233	1.78741
10	462096	465784	k27_peak_90	78	.	2.95850	9.05593	7.84974
10	557901	559207	k27_peak_91	22	.	1.95281	3.31794	2.26406
10	587155	590470	k27_peak_92	133	.	3.92213	14.66475	13.32741
10	608566	609747	k27_peak_93	61	.	2.60624	7.28226	6.11460
10	641085	643604	k27_peak_94	192	.	2.77570	20.74586	19.27562
10	649065	650826	k27_peak_95	43	.	2.43528	5.47574	4.35381
10	675843	677606	k27_peak_96	106	.	3.42695	11.94417	10.66305
10	688172	691573	k27_peak_97	174	.	3.30671	18.84036	17.41382
10	706258	707088	k27_peak_98	34	.	2.57149	4.56523	3.47065
10	723559	724292	k27_peak_99	16	.	1.98717	2.63568	1.60713
10	740544	740995	k27_peak_100	13	.	2.00329	2.36384	1.34608
10	754772	755285	k27_peak_101	58	.	2.83459	7.05365	5.89757
10	763825	764190	k27_peak_102	23	.	2.08703	3.39676	2.34014
10	781023	782347	k27_peak_103	132	.	3.61903	14.54384	13.20414
10	806836	807651	k27_peak_104	15	.	1.84482	2.53187	1.50747
10	827308	828963	k27_peak_105	84	.	2.91393	9.70800	8.48241
10	836350	837485	k27_peak_106	34	.	2.18736	4.56729	3.47318
10	846844	847521	k27_peak_107	22	.	1.60244	3.27087	2.22008
10	922057	923647	k27_peak_108	121	.	3.90657	13.42696	12.11550
10	959689	964548	k27_peak_109	174	.	3.65954	18.87809	17.43287
10	969859	971923	k27_peak_110	182	.	3.38907	19.70859	18.24660
10	973134	974438	k27_peak_111	45	.	1.81661	5.68627	4.56086
11	499	1086	k27_peak_112	20	.	1.36254	3.08529	2.04052
11	3658	4144	k27_peak_113	26	.	1.37687	3.76924	2.69897
11	7775	12320	k27_peak_114	86	.	1.90169	9.84139	8.60874
11	13222	15808	k27_peak_115	49	.	1.84927	6.04315	4.90421
11	22164	27040	k27_peak_116	26	.	1.39984	3.67151	2.60676
11	29911	31472	k27_peak_117	16	.	1.29174	2.68220	1.65192
11	33505	35135	k27_peak_118	36	.	1.49511	4.77311	3.67334
11	36367	41500	k27_peak_119	60	.	1.92587	7.16341	6.00641
11	61136	61373	k27_peak_120	12	.	1.79106	2.23006	1.21813
11	137696	140980	k27_peak_121	381	.	5.69845	40.20773	38.16745
11	143180	143555	k27_peak_122	18	.	1.95769	2.89864	1.85981
11	159021	161338	k27_peak_123	225	.	4.78681	24.12197	22.56900
11	197905	198367	k27_peak_124	24	.	2.08585	3.51783	2.45721
11	270560	272178	k27_peak_125	54	.	2.40094	6.57630	5.42740
11	353221	354151	k27_peak_126	18	.	1.92153	2.89164	1.85296
11	381877	383712	k27_peak_127	36	.	2.32200	4.78499	3.68558
11	423101	423310	k27_peak_128	14	.	1.81990	2.43211	1.41143
11	552097	558177	k27_peak_129	146	.	4.07329	15.96823	14.60310
11	623425	623802	k27_peak_130	200	.	3.20287	21.51499	20.02671
11	640024	640995	k27_peak_131	107	.	2.90528	11.98608	10.70466
11	712442	713795	k27_peak_132	152	.	2.89746	16.62680	15.24337
11	765893	766426	k27_peak_133	17	.	1.85982	2.76930	1.73487
11	792864	795561	k27_peak_134	77	.	2.81858	8.98083	7.77356
11	815838	821407	k27_peak_135	184	.	3.25849	19.93414	18.48186
11	824220	827918	k27_peak_136	251	.	4.35692	26.77531	25.15939
11	830164	832218	k27_peak_137	39	.	2.31059	5.00784	3.90271
11	833329	833595	k27_peak_138	36	.	2.34917	4.70800	3.60848
11	838399	841221	k27_peak_139	242	.	4.95196	25.83207	24.24087
11	855838	856341	k27_peak_140	18	.	1.93831	2.85189	1.81574
11	901220	902075	k27_peak_141	77	.	3.35157	8.91898	7.71299
11	912224	913028	k27_peak_142	75	.	3.03203	8.70805	7.50263
11	915308	940613	k27_peak_143	247	.	3.86295	26.39406	24.77791
11	941958	943870	k27_peak_144	43	.	1.62197	5.42156	4.30627
12	0	4245	k27_peak_145	233	.	5.52708	24.95956	23.35859
12	19496	22194	k27_peak_146	94	.	3.14533	10.69551	9.44806
12	36218	36514	k27_peak_147	73	.	1.95063	8.60000	7.39852
12	60894	64837	k27_peak_148	153	.	2.86290	16.73385	15.33953
12	69011	93347	k27_peak_149	332	.	4.41823	35.09800	33.26730
12	125404	125898	k27_peak_150	56	.	2.55716	6.79285	5.63489
12	128603	130450	k27_peak_151	312	.	5.24375	33.03269	31.24256
12	192486	192741	k27_peak_152	17	.	1.85836	2.78647	1.75202
12	201611	202564	k27_peak_153	201	.	4.71047	21.65047	20.15884
12	240469	243751	k27_peak_154	224	.	4.51782	24.02961	22.48519
12	281502	282401	k27_peak_155	144	.	3.61602	15.85089	14.48928
12	284469	284695	k27_peak_156	27	.	1.68994	3.83587	2.76430
12	342767	344087	k27_peak_157	35	.	2.35915	4.66338	3.56776
12	412979	417499	k27_peak_158	119	.	2.14906	13.20931	11.91147
12	419815	442615	k27_peak_159	228	.	3.40046	24.39869	22.83903
12	443531	458157	k27_peak_160	191	.	2.82536	20.66855	19.19756
12	461320	465254	k27_peak_161	273	.	4.02316	29.04691	27.36574
12	492345	496558	k27_peak_162	230	.	3.36384	24.62678	23.06121
12	572820	574182	k27_peak_163	87	.	2.35821	10.00918	8.77737
12	584016	584774	k27_peak_164	16	.	1.90739	2.65403	1.62427
12	651447	660753	k27_peak_165	158	.	2.84066	17.20119	15.80547
12	662894	675073	k27_peak_166	277	.	3.72345	29.41841	27.74139
12	714369	716423	k27_peak_167	116	.	3.32789	12.94645	11.64346
12	740715	742671	k27_peak_168	304	.	5.02691	32.21857	30.42296
12	756065	756337	k27_peak_169	17	.	1.94532	2.75305	1.71933
12	821370	822670	k27_peak_170	37	.	2.35287	4.80859	3.70579
12	864489	864886	k27_peak_171	154	.	4.22763	16.79778	15.42052
12	880374	880924	k27_peak_172	33	.	2.14521	4.44502	3.35375
12	886008	886393	k27_peak_173	54	.	2.09705	6.60111	5.45034
12	894786	896661	k27_peak_174	18	.	2.04211	2.83716	1.80053
12	898562	900979	k27_peak_175	184	.	3.76001	19.93382	18.47552
13	22191	28275	k27_peak_176	88	.	2.07732	10.04311	8.80973
13	29457	33532	k27_peak_177	26	.	1.57006	3.67750	2.61134
13	36808	37634	k27_peak_178	107	.	1.98063	12.05646	10.77259
13	46389	58989	k27_peak_179	129	.	2.18767	14.32602	12.99163
13	65781	66603	k27_peak_180	47	.	1.61007	5.91328	4.78271
13	67406	74745	k27_peak_181	100	.	2.09598	11.34307	10.07835
13	110656	117231	k27_peak_182	118	.	3.25932	13.17431	11.87240
13	119439	121521	k27_peak_183	20	.	1.73118	3.07819	2.03404
13	191003	192103	k27_peak_184	50	.	2.47739	6.15944	5.02185
13	223054	225517	k27_peak_185	23	.	2.03305	3.38727	2.33160
13	227811	229625	k27_peak_186	183	.	4.37283	19.76627	18.31738
13	243793	244527	k27_peak_187	12	.	1.84084	2.29746	1.28267
13	254485	255010	k27_peak_188	27	.	2.09010	3.81425	2.74459
13	262531	267520	k27_peak_189	314	.	5.72768	33.27069	31.45580
13	271700	274142	k27_peak_190	72	.	2.91616	8.41417	7.21683
13	285468	294327	k27_peak_191	267	.	3.57921	28.41783	26.75455
13	327393	328829	k27_peak_192	126	.	3.73656	13.94726	12.62446
13	331084	333780	k27_peak_193	219	.	4.83378	23.49562	21.96651
13	354055	354295	k27_peak_194	14	.	1.78372	2.42321	1.40313
13	458783	459691	k27_peak_195	46	.	2.44019	5.81533	4.68457
13	467581	470878	k27_peak_196	67	.	1.64307	7.88397	6.70487
13	503064	503603	k27_peak_197	24	.	1.37243	3.51509	2.45619
13	504856	505572	k27_peak_198	27	.	1.40100	3.77170	2.70340
13	534250	535588	k27_peak_199	27	.	2.15346	3.83209	2.76074
13	699949	700464	k27_peak_200	24	.	2.09200	3.48924	2.42920
13	763100	763876	k27_peak_201	29	.	2.14913	4.01003	2.93187
13	802761	811710	k27_peak_202	157	.	2.72624	17.09255	15.70459
13	866977	868828	k27_peak_203	119	.	3.74636	13.30473	11.99134
14	855	2347	k27_peak_204	221	.	4.45977	23.67672	22.14299
14	10069	14234	k27_peak_205	173	.	2.55521	18.79657	17.36771
14	40802	41841	k27_peak_206	36	.	2.24568	4.74482	3.64570
14	45585	49038	k27_peak_207	98	.	3.33100	11.14187	9.88966
14	79589	80694	k27_peak_208	23	.	1.96218	3.36694	2.31178
14	95596	98017	k27_peak_209	108	.	3.21024	12.10363	10.82912
14	144602	145757	k27_peak_210	73	.	2.91981	8.53410	7.33713
14	147499	150807	k27_peak_211	166	.	3.97988	18.10213	16.69013
14	161291	161763	k27_peak_212	14	.	1.66738	2.45054	1.42929
14	173423	178102	k27_peak_213	108	.	3.40419	12.11962	10.83501
14	191551	196374	k27_peak_214	114	.	2.85032	12.72268	11.42824
14	198768	199301	k27_peak_215	11	.	1.76854	2.15328	1.14497
14	200298	203154	k27_peak_216	19	.	1.94096	2.97231	1.93192
14	205866	210569	k27_peak_217	122	.	2.21948	13.58117	12.26067
14	237731	239197	k27_peak_218	82	.	2.93318	9.47806	8.25900
14	282870	287748	k27_peak_219	50	.	1.61094	6.19392	5.05376
14	302270	302756	k27_peak_220	30	.	2.17178	4.11305	3.03251
14	323582	324184	k27_peak_221	56	.	2.69530	6.81054	5.65398
14	334912	337352	k27_peak_222	31	.	2.23958	4.19277	3.11289
14	346120	347213	k27_peak_223	51	.	2.63041	6.25469	5.11489
14	356954	360120	k27_peak_224	97	.	1.92917	11.03145	9.77015
14	372894	374871	k27_peak_225	20	.	1.94532	3.14552	2.09800
14	413832	415573	k27_peak_226	116	.	5.27291	12.89261	11.60206
14	424839	427961	k27_peak_227	204	.	5.10345	21.90723	20.41033
14	455469	459764	k27_peak_228	56	.	2.85327	6.78298	5.63502
14	468846	471343	k27_peak_229	448	.	7.41477	47.13770	44.89458
14	482096	484680	k27_peak_230	77	.	1.74447	8.96358	7.75785
14	490678	492714	k27_peak_231	110	.	2.99896	12.30977	11.02291
14	499673	501739	k27_peak_232	59	.	2.69026	7.10980	5.94758
14	502795	503390	k27_peak_233	39	.	2.06401	5.03297	3.92586
14	548165	553625	k27_peak_234	73	.	1.84318	8.53916	7.34104
14	611895	613602	k27_peak_235	113	.	3.69385	12.63766	11.34399
14	647322	650521	k27_peak_236	71	.	2.94136	8.32682	7.13511
14	655308	657176	k27_peak_237	120	.	3.60039	13.35342	12.04583
14	701832	702636	k27_peak_238	46	.	2.50135	5.81357	4.68241
14	715732	716705	k27_peak_239	49	.	2.51409	6.09447	4.95593
14	721789	724598	k27_peak_240	282	.	3.64021	29.94033	28.24445
14	747965	748939	k27_peak_241	35	.	2.54473	4.60105	3.50798
14	781005	781354	k27_peak_242	24	.	2.12792	3.51017	2.44920
14	792389	793979	k27_peak_243	32	.	2.15753	4.37473	3.28642
14	814939	818324	k27_peak_244	32	.	1.47134	4.37681	3.28911
14	820351	825675	k27_peak_245	37	.	1.53091	4.81905	3.71825
14	826742	828710	k27_peak_246	24	.	1.44955	3.48174	2.42346
15	671	3414	k27_peak_247	118	.	2.02615	13.20167	11.89800
15	7625	8093	k27_peak_248	85	.	2.63555	9.78591	8.55835
15	43274	43581	k27_peak_249	19	.	1.81987	2.94618	1.90585
15	66381	68689	k27_peak_250	55	.	2.69498	6.69391	5.54235
15	101536	103848	k27_peak_251	394	.	7.20748	41.51554	39.49259
15	104728	108171	k27_peak_252	167	.	4.61971	18.20105	16.78944
15	117878	118385	k27_peak_253	18	.	1.88418	2.87788	1.84008
15	149106	151224	k27_peak_254	79	.	2.81550	9.15076	7.93878
15	152497	153903	k27_peak_255	50	.	2.49558	6.18985	5.04852
15	294705	298630	k27_peak_256	102	.	3.04874	11.53148	10.26471
15	335427	335754	k27_peak_257	26	.	2.25339	3.76042	2.69114
15	345380	352300	k27_peak_258	275	.	4.08249	29.27184	27.58304
15	358489	358839	k27_peak_259	15	.	1.85534	2.62756	1.59867
15	402549	402868	k27_peak_260	42	.	2.43220	5.39725	4.27737
15	423530	424715	k27_peak_261	124	.	3.81553	13.74682	12.43155
15	445837	446294	k27_peak_262	78	.	2.67440	9.04178	7.82723
15	450126	454340	k27_peak_263	565	.	9.20265	59.38440	56.55898
15	473117	475753	k27_peak_264	259	.	5.50653	27.59718	25.96522
15	537186	539876	k27_peak_265	61	.	2.78750	7.35455	6.18508
15	540919	542024	k27_peak_266	28	.	2.20033	3.95836	2.88389
15	553597	554570	k27_peak_267	26	.	1.94968	3.73552	2.66742
15	596353	601770	k27_peak_268	88	.	2.17354	10.09320	8.86015
15	639209	644038	k27_peak_269	351	.	5.55298	37.06944	35.16318
15	694908	696201	k27_peak_270	254	.	4.77144	27.03470	25.42309
15	718463	718669	k27_peak_271	54	.	2.58292	6.57476	5.42603
15	743226	743688	k27_peak_272	26	.	1.99370	3.76441	2.69660
15	775399	785585	k27_peak_273	270	.	3.73655	28.69216	27.03542
16	70	1924	k27_peak_274	82	.	2.43345	9.49632	8.27362
16	16501	34800	k27_peak_275	254	.	3.30410	27.01562	25.40322
16	70884	71134	k27_peak_276	10	.	1.70535	2.08243	1.07738
16	75909	77443	k27_peak_277	103	.	3.50412	11.62648	10.36236
16	121363	122173	k27_peak_278	37	.	1.77481	4.84879	3.74611
16	145026	146874	k27_peak_279	168	.	3.84116	18.24204	16.82940
16	161639	174547	k27_peak_280	137	.	2.28432	15.13161	13.78071
16	175682	180607	k27_peak_281	78	.	2.02476	9.05142	7.83997
16	220294	222418	k27_peak_282	24	.	2.20681	3.51305	2.45246
16	243057	244594	k27_peak_283	26	.	2.10630	3.72955	2.66267
16	277511	278839	k27_peak_284	81	.	2.98778	9.33452	8.11539
16	306502	307111	k27_peak_285	35	.	2.26281	4.63120	3.53374
16	330489	331278	k27_peak_286	89	.	2.66298	10.17905	8.94020
16	369063	370758	k27_peak_287	114	.	3.72641	12.77712	11.48171
16	399133	400803	k27_peak_288	51	.	2.53659	6.26550	5.12677
16	409088	410648	k27_peak_289	111	.	3.66060	12.39623	11.10458
16	433842	434835	k27_peak_290	73	.	2.73595	8.58176	7.38193
16	450312	453838	k27_peak_291	51	.	2.67002	6.27628	5.13778
16	467931	468421	k27_peak_292	16	.	1.86416	2.71588	1.68398
16	470591	471164	k27_peak_293	22	.	2.06006	3.32262	2.26926
16	482548	482905	k27_peak_294	142	.	3.53725	15.63663	14.28508
16	492666	494734	k27_peak_295	47	.	2.46993	5.84007	4.71038
16	497566	499269	k27_peak_296	43	.	2.52147	5.46735	4.34601
16	512680	514210	k27_peak_297	64	.	2.80165	7.66171	6.48238
16	558676	561926	k27_peak_298	162	.	2.89290	17.63742	16.23209
16	652352	652947	k27_peak_299	67	.	2.95900	7.94707	6.75862
16	687935	688596	k27_peak_300	32	.	2.31301	4.35778	3.26916
16	706183	706664	k27_peak_301	16	.	1.89188	2.72045	1.68873
16	726676	727686	k27_peak_302	467	.	7.84726	49.27547	46.74076
16	744002	744950	k27_peak_303	22	.	1.41417	3.27729	2.22545
16	746317	752198	k27_peak_304	88	.	1.83992	10.04721	8.80879
16	755204	761742	k27_peak_305	89	.	1.81647	10.14270	8.90295
16	762601	763284	k27_peak_306	25	.	1.53089	3.58926	2.52587
17	4408	9949	k27_peak_307	25	.	1.41977	3.63495	2.57071
17	12298	17325	k27_peak_308	39	.	1.53753	5.01603	3.91133
17	19403	26527	k27_peak_309	101	.	2.01612	11.36495	10.10530
17	28503	35946	k27_peak_310	67	.	1.72031	7.97840	6.79279
17	36905	39206	k27_peak_311	47	.	1.74176	5.88924	4.75734
17	59790	65177	k27_peak_312	95	.	1.96212	10.84131	9.59242
17	132406	133496	k27_peak_313	147	.	4.21978	16.16558	14.79916
17	176638	178222	k27_peak_314	42	.	2.40761	5.36276	4.24321
17	195621	196074	k27_peak_315	13	.	1.91131	2.37595	1.35832
17	197092	198150	k27_peak_316	46	.	2.61991	5.79377	4.66272
17	270747	272498	k27_peak_317	65	.	2.96911	7.73366	6.55111
17	278738	282350	k27_peak_318	201	.	4.62593	21.67543	20.17517
17	318354	319743	k27_peak_319	36	.	2.21785	4.77961	3.68204
17	361253	364259	k27_peak_320	155	.	3.59997	16.94903	15.57074
17	399470	400051	k27_peak_321	11	.	1.76236	2.20866	1.19775
17	413889	415916	k27_peak_322	21	.	1.95274	3.15109	2.10363
17	425470	426347	k27_peak_323	67	.	2.83051	7.96926	6.78214
17	442677	442992	k27_peak_324	23	.	2.01488	3.41846	2.36054
17	445333	445609	k27_peak_325	56	.	1.81443	6.85070	5.69192
17	478718	479245	k27_peak_326	26	.	2.04947	3.73634	2.66913
17	490285	497246	k27_peak_327	134	.	2.29547	14.83555	13.49584
17	506471	507524	k27_peak_328	40	.	2.44083	5.15375	4.04100
17	511319	518192	k27_peak_329	360	.	4.79135	37.91188	36.00424
17	587538	588234	k27_peak_330	20	.	2.00399	3.14068	2.09301
17	668675	671838	k27_peak_331	43	.	1.61230	5.42669	4.30871
17	678133	681601	k27_peak_332	91	.	2.07174	10.37002	9.12471
17	683026	683458	k27_peak_333	34	.	1.66582	4.54721	3.45345
17	700074	703825	k27_peak_334	38	.	1.62284	4.98740	3.88140
18	559	5717	k27_peak_335	176	.	2.97606	19.06957	17.62216
18	11554	21012	k27_peak_336	87	.	2.10013	9.94409	8.70847
18	22026	25586	k27_peak_337	26	.	1.37439	3.75160	2.68357
18	27092	32279	k27_peak_338	65	.	1.88314	7.70830	6.53310
18	59673	61789	k27_peak_339	144	.	3.89864	15.76152	14.40254
18	70484	77295	k27_peak_340	101	.	2.03331	11.42904	10.15856
18	108413	111550	k27_peak_341	417	.	6.67096	43.87371	41.76649
18	146821	148709	k27_peak_342	69	.	2.84550	8.10615	6.91743
18	176770	179012	k27_peak_343	246	.	4.20960	26.23537	24.62729
18	197254	198667	k27_peak_344	14	.	1.79717	2.47901	1.45675
18	210567	211503	k27_peak_345	22	.	2.12617	3.28299	2.23167
18	217177	218304	k27_peak_346	31	.	2.29485	4.25436	3.17091
18	225924	230738	k27_peak_347	56	.	2.69350	6.82041	5.66747
18	253777	253980	k27_peak_348	38	.	2.36311	4.99626	3.88798
18	254887	255825	k27_peak_349	105	.	3.12929	11.83051	10.55825
18	270764	273257	k27_peak_350	71	.	2.06846	8.34363	7.15079
18	344430	348903	k27_peak_351	166	.	4.08917	18.05205	16.63518
18	390605	407063	k27_peak_352	198	.	3.05751	21.31727	19.82827
18	467425	469302	k27_peak_353	30	.	2.28999	4.08691	3.00865
18	533656	534103	k27_peak_354	18	.	1.99484	2.89091	1.85208
18	581839	584965	k27_peak_355	53	.	2.35891	6.48390	5.33800
18	611164	611528	k27_peak_356	15	.	1.78438	2.52972	1.50493
18	615858	617944	k27_peak_357	26	.	1.96612	3.71937	2.65253
18	632242	632463	k27_peak_358	29	.	2.14183	4.02778	2.94931
18	636723	652013	k27_peak_359	170	.	2.62990	18.50404	17.07745
18	653060	656806	k27_peak_360	28	.	1.38735	3.95956	2.88442
18	658548	658991	k27_peak_361	26	.	1.46644	3.68592	2.61870
18	677308	677702	k27_peak_362	15	.	1.76328	2.53434	1.50947
18	684247	693539	k27_peak_363	385	.	6.66285	40.58812	38.51648
18	701413	702394	k27_peak_364	90	.	2.56060	10.23440	9.00955
19	1305	6395	k27_peak_365	52	.	1.58530	6.42463	5.27913
19	7758	7964	k27_peak_366	15	.	1.31003	2.55925	1.53352
19	8779	10889	k27_peak_367	38	.	1.46814	4.98093	3.87185
19	12361	12597	k27_peak_368	15	.	1.30606	2.59861	1.57132
19	13709	14663	k27_peak_369	58	.	1.63823	7.02332	5.86039
19	31826	32904	k27_peak_370	28	.	2.09487	3.93604	2.86350
19	34777	39347	k27_peak_371	32	.	2.17407	4.31750	3.23163
19	53804	56102	k27_peak_372	170	.	4.27065	18.43066	17.00859
19	68949	75527	k27_peak_373	93	.	2.81376	10.63189	9.38746
19	82174	84000	k27_peak_374	89	.	3.04002	10.22187	8.98418
19	121393	122002	k27_peak_375	40	.	2.20830	5.17769	4.06843
19	230792	231024	k27_peak_376	73	.	1.91954	8.53576	7.33641
19	244481	251461	k27_peak_377	457	.	4.89892	47.99396	45.77402
19	289659	294548	k27_peak_378	38	.	1.50198	4.96895	3.86469
19	296378	301344	k27_peak_379	66	.	1.73505	7.83271	6.65296
19	318736	321387	k27_peak_380	56	.	1.61276	6.81001	5.65070
19	369414	370658	k27_peak_381	57	.	2.39997	6.92849	5.76798
19	374719	384677	k27_peak_382	151	.	3.68139	16.55273	15.18610
19	396051	401198	k27_peak_383	133	.	3.66748	14.68336	13.34694
19	413626	414137	k27_peak_384	41	.	1.79797	5.24572	4.13336
19	434944	435917	k27_peak_385	45	.	2.21691	5.63660	4.51051
19	446401	447964	k27_peak_386	184	.	4.04431	19.86430	18.41563
19	467587	469094	k27_peak_387	46	.	2.02451	5.78819	4.66014
19	473583	475768	k27_peak_388	39	.	2.08712	5.04292	3.93503
19	478286	480215	k27_peak_389	90	.	3.24913	10.32120	9.07955
19	500513	502451	k27_peak_390	174	.	4.33764	18.89428	17.46754
19	508336	510930	k27_peak_391	58	.	2.71157	7.04114	5.87725
19	517927	518412	k27_peak_392	25	.	1.96276	3.59877	2.53677
19	523924	524864	k27_peak_393	117	.	3.17525	13.06792	11.76833
19	530252	533088	k27_peak_394	171	.	4.35652	18.53597	17.11489
19	569451	572272	k27_peak_395	44	.	2.23596	5.55260	4.43291
19	605349	610805	k27_peak_396	62	.	1.61564	7.39499	6.22964
19	671276	672453	k27_peak_397	56	.	2.07006	6.83229	5.67152
19	675826	686757	k27_peak_398	98	.	1.90291	11.09727	9.84063
19	689992	690365	k27_peak_399	40	.	1.53618	5.18258	4.07215
2	942	1189	k27_peak_400	19	.	1.34090	2.94295	1.90390
2	4606	5362	k27_peak_401	34	.	1.59483	4.57806	3.48533
2	8843	10134	k27_peak_402	18	.	2.03472	2.86129	1.82382
2	126886	130565	k27_peak_403	186	.	3.49995	20.09478	18.63069
2	173865	174332	k27_peak_404	214	.	4.91473	23.01513	21.49131
2	179969	180255	k27_peak_405	127	.	3.68578	14.08510	12.76263
2	196540	197458	k27_peak_406	59	.	2.87109	7.15318	5.98824
2	233375	233758	k27_peak_407	41	.	1.62477	5.27732	4.16052
2	276347	277265	k27_peak_408	137	.	3.31141	15.07958	13.73063
2	329189	329742	k27_peak_409	36	.	2.26791	4.70029	3.60516
2	334445	335877	k27_peak_410	67	.	2.18189	7.97909	6.79359
2	339895	340948	k27_peak_411	85	.	2.20610	9.73392	8.50965
2	372165	372861	k27_peak_412	36	.	1.96442	4.78942	3.69027
2	427752	429715	k27_peak_413	149	.	4.04037	16.34819	14.96652
2	439219	444431	k27_peak_414	279	.	4.84292	29.61535	27.91820
2	448729	449637	k27_peak_415	19	.	1.95779	2.97060	1.93109
2	487165	492412	k27_peak_416	365	.	5.33556	38.52605	36.57304
2	537251	541110	k27_peak_417	56	.	2.72268	6.77251	5.61658
2	609181	610325	k27_peak_418	62	.	2.64546	7.44993	6.27851
2	619235	620365	k27_peak_419	120	.	4.99410	13.32443	12.01885
2	625846	630784	k27_peak_420	69	.	2.88962	8.11817	6.93487
2	679028	679626	k27_peak_421	110	.	3.28796	12.36964	11.07990
2	686051	686994	k27_peak_422	19	.	2.12828	3.03461	1.99192
2	743652	743906	k27_peak_423	18	.	2.00912	2.86393	1.82630
2	837046	837623	k27_peak_424	169	.	3.03074	18.36115	16.94627
2	860881	862045	k27_peak_425	222	.	4.69341	23.81172	22.27296
2	932534	934106	k27_peak_426	54	.	1.91823	6.61846	5.46410
2	935652	940933	k27_peak_427	90	.	1.95237	10.26683	9.02405
2	945559	947026	k27_peak_428	25	.	2.01622	3.61714	2.55266
2	955494	959935	k27_peak_429	73	.	2.95491	8.55263	7.35406
2	1022900	1024817	k27_peak_430	177	.	2.89265	19.21697	17.76887
2	1054255	1057417	k27_peak_431	170	.	3.89576	18.44683	17.02821
2	1079999	1081560	k27_peak_432	24	.	2.06306	3.46276	2.40450
2	1158088	1158324	k27_peak_433	11	.	1.80088	2.19786	1.18756
2	1201604	1201957	k27_peak_434	21	.	1.82853	3.23432	2.18296
2	1246296	1247865	k27_peak_435	103	.	3.26546	11.65391	10.38661
2	1271881	1274243	k27_peak_436	96	.	3.45265	10.90881	9.65020
2	1397081	1397360	k27_peak_437	13	.	1.82505	2.34719	1.33007
2	1413366	1415958	k27_peak_438	86	.	2.92493	9.85844	8.63438
2	1477587	1480756	k27_peak_439	136	.	3.18596	15.00676	13.67185
2	1497209	1497954	k27_peak_440	518	.	8.71774	54.38659	51.87181
20	3989	5238	k27_peak_441	44	.	1.80228	5.57896	4.46113
20	9606	19984	k27_peak_442	228	.	4.25538	24.40667	22.83936
20	21560	23868	k27_peak_443	108	.	2.19895	12.16470	10.87709
20	75140	77196	k27_peak_444	126	.	3.66837	13.95174	12.62457
20	95556	97926	k27_peak_445	109	.	3.18903	12.25475	10.97332
20	112257	114298	k27_peak_446	121	.	3.87253	13.41361	12.10891
20	119804	123517	k27_peak_447	79	.	2.84412	9.19333	7.98592
20	158493	160562	k27_peak_448	65	.	2.66310	7.73272	6.55418
20	162184	166760	k27_peak_449	151	.	3.63113	16.51062	15.13063
20	174070	178271	k27_peak_450	108	.	2.38334	12.09875	10.81940
20	208205	209291	k27_peak_451	34	.	2.32312	4.50295	3.40973
20	235421	240212	k27_peak_452	91	.	3.22195	10.36398	9.13620
20	257234	258628	k27_peak_453	134	.	3.61925	14.74705	13.41440
20	266662	267166	k27_peak_454	49	.	2.48630	6.05192	4.91589
20	317066	319094	k27_peak_455	211	.	3.94528	22.66780	21.15018
20	374362	375357	k27_peak_456	13	.	1.73725	2.34118	1.32453
20	377506	378807	k27_peak_457	32	.	1.88936	4.36021	3.27389
20	395231	400684	k27_peak_458	96	.	3.11073	10.84960	9.60159
20	402447	403531	k27_peak_459	15	.	1.41743	2.58206	1.55572
20	407476	411237	k27_peak_460	59	.	1.61338	7.15850	5.99227
20	415558	424992	k27_peak_461	98	.	3.63178	11.06556	9.80363
20	430837	431049	k27_peak_462	35	.	2.11571	4.60127	3.50538
20	460923	461131	k27_peak_463	12	.	1.68721	2.22216	1.21096
20	511322	512127	k27_peak_464	74	.	3.09217	8.62112	7.41844
20	534777	535194	k27_peak_465	21	.	1.92352	3.18372	2.13519
20	540697	541675	k27_peak_466	94	.	3.15532	10.71238	9.47175
20	589673	592276	k27_peak_467	305	.	6.50758	32.32063	30.55544
20	620468	620770	k27_peak_468	14	.	1.75272	2.46361	1.44187
20	628612	628998	k27_peak_469	14	.	1.80143	2.42747	1.40715
20	646807	650091	k27_peak_470	49	.	1.57643	6.09090	4.95167
20	658616	662006	k27_peak_471	33	.	2.21516	4.44847	3.35710
20	665210	666187	k27_peak_472	57	.	2.82443	6.85797	5.70345
20	676847	679495	k27_peak_473	52	.	1.75660	6.36666	5.22441
20	681765	682973	k27_peak_474	34	.	1.43813	4.53874	3.44548
21	4179	6615	k27_peak_475	195	.	3.74191	21.02702	19.55058
21	31591	35030	k27_peak_476	146	.	3.81224	15.97892	14.62002
21	60574	63823	k27_peak_477	158	.	4.43733	17.25626	15.85182
21	73193	74200	k27_peak_478	24	.	2.04547	3.52114	2.46031
21	86199	87318	k27_peak_479	14	.	1.78913	2.50357	1.48025
21	92472	94071	k27_peak_480	50	.	2.49625	6.18692	5.05134
21	126258	127468	k27_peak_481	88	.	3.10999	10.07596	8.83571
21	138939	140688	k27_peak_482	127	.	3.42608	14.12619	12.79491
21	152610	154791	k27_peak_483	249	.	4.95330	26.62154	24.96811
21	163831	165602	k27_peak_484	75	.	2.80612	8.78972	7.58886
21	170453	171035	k27_peak_485	40	.	2.28619	5.11942	4.00690
21	189346	189556	k27_peak_486	13	.	1.82531	2.37535	1.35719
21	200243	202170	k27_peak_487	211	.	4.65145	22.71790	21.17118
21	247974	248553	k27_peak_488	21	.	2.33196	3.15652	2.10831
21	262370	263042	k27_peak_489	20	.	2.00701	3.06867	2.02348
21	263896	267530	k27_peak_490	38	.	2.23918	4.99029	3.89068
21	273567	275655	k27_peak_491	304	.	5.28763	32.21981	30.45057
21	326645	328558	k27_peak_492	38	.	1.51518	5.00174	3.89440
21	331912	332679	k27_peak_493	12	.	1.25661	2.26075	1.24776
21	334779	336437	k27_peak_494	88	.	1.88594	10.09644	8.85523
21	352154	352751	k27_peak_495	77	.	2.89856	8.97592	7.76819
21	369875	371479	k27_peak_496	41	.	2.40741	5.27439	4.16273
21	396940	397376	k27_peak_497	98	.	3.01257	11.06981	9.81232
21	421633	424307	k27_peak_498	103	.	3.38477	11.60101	10.32980
21	449109	451435	k27_peak_499	38	.	2.15521	4.99495	3.88819
21	498966	500363	k27_peak_500	63	.	2.54816	7.56046	6.38455
21	553900	556203	k27_peak_501	46	.	1.93952	5.78293	4.65765
21	562168	563798	k27_peak_502	21	.	1.98276	3.19150	2.14339
21	571831	572313	k27_peak_503	16	.	1.81564	2.66311	1.63327
21	618933	623199	k27_peak_504	32	.	2.07004	4.34264	3.25734
21	624159	624577	k27_peak_505	20	.	1.77316	3.06206	2.01826
21	649124	650487	k27_peak_506	12	.	1.79422	2.30847	1.29342
21	659176	662217	k27_peak_507	106	.	2.47431	11.94338	10.67037
22	61730	63315	k27_peak_508	52	.	2.64824	6.41263	5.26677
22	74638	78283	k27_peak_509	404	.	6.00842	42.48540	40.44645
22	84332	87902	k27_peak_510	35	.	1.51868	4.64696	3.55320
22	88704	91044	k27_peak_511	26	.	1.38425	3.74228	2.67325
22	135101	135449	k27_peak_512	22	.	2.03057	3.25577	2.20349
22	147116	151162	k27_peak_513	504	.	7.49804	52.88716	50.48772
22	270528	270936	k27_peak_514	16	.	1.89020	2.72190	1.68981
22	285152	286014	k27_peak_515	45	.	2.38235	5.67813	4.55509
22	430678	436450	k27_peak_516	145	.	3.35100	15.90837	14.54200
22	458040	458835	k27_peak_517	42	.	2.25928	5.34957	4.23168
22	466117	467327	k27_peak_518	41	.	2.37527	5.26361	4.14845
22	526441	529213	k27_peak_519	250	.	3.30665	26.65378	25.04009
22	564422	565301	k27_peak_520	82	.	2.78724	9.47219	8.26193
22	583571	590571	k27_peak_521	134	.	2.85162	14.83978	13.49167
23	660	6530	k27_peak_522	307	.	6.16866	32.52495	30.78887
23	30206	32503	k27_peak_523	164	.	3.80169	17.88759	16.47855
23	66583	66975	k27_peak_524	35	.	2.29609	4.68473	3.58652
23	91250	93517	k27_peak_525	139	.	3.28897	15.25990	13.90843
23	118195	120807	k27_peak_526	142	.	3.69467	15.63825	14.28189
23	137118	137740	k27_peak_527	28	.	2.15748	3.90565	2.83288
23	150278	151295	k27_peak_528	27	.	2.15186	3.80324	2.73294
23	178132	179729	k27_peak_529	33	.	2.15912	4.41857	3.33076
23	212125	213576	k27_peak_530	55	.	2.70382	6.65883	5.50526
23	248840	249072	k27_peak_531	11	.	1.60941	2.12013	1.11357
23	250284	252031	k27_peak_532	70	.	2.57067	8.27312	7.07854
23	301235	302287	k27_peak_533	160	.	3.64433	17.45551	16.06711
23	305573	308339	k27_peak_534	316	.	4.58035	33.41190	31.60952
23	363920	364448	k27_peak_535	24	.	2.03574	3.54610	2.48409
23	397420	398547	k27_peak_536	192	.	3.65314	20.73717	19.26838
23	413445	414993	k27_peak_537	78	.	2.86545	9.01468	7.80212
23	416547	417064	k27_peak_538	17	.	1.84553	2.77607	1.74221
23	429733	430380	k27_peak_539	26	.	2.03504	3.73253	2.66397
23	436950	437177	k27_peak_540	13	.	1.75042	2.31639	1.30100
23	448967	452346	k27_peak_541	83	.	2.83331	9.60516	8.38761
23	464614	465832	k27_peak_542	67	.	3.01533	7.96042	6.77002
23	488361	495154	k27_peak_543	240	.	3.26906	25.68429	24.09755
23	505927	512447	k27_peak_544	120	.	2.09769	13.31648	12.00933
24	534	4671	k27_peak_545	238	.	3.00831	25.41197	23.83545
24	6430	6688	k27_peak_546	17	.	1.38597	2.82499	1.78938
24	10110	10809	k27_peak_547	119	.	2.57363	13.26380	11.95246
24	37327	40602	k27_peak_548	306	.	4.68539	32.40901	30.60002
24	49131	49375	k27_peak_549	84	.	2.11630	9.62908	8.40414
24	61319	62262	k27_peak_550	21	.	1.87397	3.23791	2.18635
24	80162	82912	k27_peak_551	26	.	2.04648	3.74037	2.67427
24	97411	105372	k27_peak_552	319	.	5.60079	33.77673	31.96682
24	114406	116303	k27_peak_553	57	.	2.77789	6.90618	5.74755
24	127303	127880	k27_peak_554	11	.	1.69310	2.12419	1.11725
24	155530	163286	k27_peak_555	123	.	2.08028	13.69745	12.37818
24	169630	172211	k27_peak_556	188	.	4.02473	20.32841	18.86287
24	180744	190027	k27_peak_557	67	.	2.80163	7.97195	6.78908
24	204466	205152	k27_peak_558	56	.	1.99452	6.81095	5.66057
24	295104	302419	k27_peak_559	320	.	3.64228	33.86954	32.08640
24	378580	381368	k27_peak_560	383	.	7.01820	40.40527	38.35123
24	419986	420506	k27_peak_561	36	.	2.01369	4.70375	3.60378
24	421473	422172	k27_peak_562	41	.	1.63113	5.28257	4.17337
24	433214	439331	k27_peak_563	227	.	3.33877	24.33761	22.78493
24	442214	452705	k27_peak_564	143	.	2.40317	15.72814	14.36063
24	453733	461882	k27_peak_565	233	.	3.16894	24.93048	23.35176
24	477597	485481	k27_peak_566	76	.	1.85949	8.82015	7.61403
24	496453	508644	k27_peak_567	135	.	2.53335	14.91934	13.57519
24	510953	511728	k27_peak_568	50	.	1.91390	6.16490	5.02870
25	1098	1933	k27_peak_569	23	.	1.36171	3.43634	2.37904
25	5859	6118	k27_peak_570	57	.	1.66647	6.88938	5.73120
25	7725	25687	k27_peak_571	146	.	2.67903	16.01135	14.64236
25	34750	34957	k27_peak_572	18	.	1.85471	2.88697	1.84809
25	44421	45090	k27_peak_573	23	.	2.10461	3.36868	2.31267
25	51184	55041	k27_peak_574	35	.	2.31067	4.69565	3.59988
25	71260	74720	k27_peak_575	79	.	2.94667	9.15446	7.94212
25	83292	84026	k27_peak_576	50	.	1.70908	6.19836	5.05574
25	104517	106284	k27_peak_577	134	.	3.91344	14.83556	13.49287
25	110395	114813	k27_peak_578	58	.	2.46273	7.02911	5.87315
25	118140	120162	k27_peak_579	215	.	4.87750	23.13413	21.59888
25	160240	162348	k27_peak_580	154	.	4.05459	16.83017	15.44503
25	176210	176697	k27_peak_581	24	.	1.96411	3.49245	2.43294
25	184432	186895	k27_peak_582	126	.	3.73281	14.01287	12.68859
25	198630	200447	k27_peak_583	103	.	3.51395	11.66289	10.39163
25	219699	224029	k27_peak_584	258	.	5.22285	27.52647	25.87852
25	238084	240374	k27_peak_585	83	.	2.19309	9.60249	8.37399
25	244865	245311	k27_peak_586	85	.	2.39134	9.78601	8.55533
25	275629	275980	k27_peak_587	98	.	2.26106	11.13887	9.87635
25	283310	287715	k27_peak_588	100	.	3.23568	11.28039	10.02019
25	299663	300206	k27_peak_589	11	.	1.77507	2.17639	1.16705
25	305029	307367	k27_peak_590	208	.	3.72786	22.41504	20.89703
25	323990	326154	k27_peak_591	94	.	3.25287	10.73429	9.48770
25	348784	353734	k27_peak_592	64	.	3.16543	7.64597	6.47537
25	377619	378538	k27_peak_593	33	.	2.59764	4.47977	3.38787
25	388755	390449	k27_peak_594	191	.	6.02593	20.58470	19.11532
25	392531	393772	k27_peak_595	128	.	4.67085	14.15887	12.84262
25	423637	424380	k27_peak_596	114	.	4.77306	12.79160	11.49154
25	431612	434870	k27_peak_597	225	.	6.59262	24.12600	22.55750
25	442129	444040	k27_peak_598	27	.	2.46232	3.84124	2.77443
25	453249	456467	k27_peak_599	167	.	5.02932	18.11287	16.70333
25	492721	496441	k27_peak_600	255	.	4.66506	27.15200	25.54107
26	17813	18512	k27_peak_601	149	.	2.53691	16.29960	14.93756
26	22216	24592	k27_peak_602	305	.	4.64539	32.26131	30.50713
26	34661	37050	k27_peak_603	44	.	2.35289	5.58283	4.45997
26	40713	41486	k27_peak_604	24	.	2.10780	3.54459	2.48299
26	44709	50806	k27_peak_605	53	.	2.45671	6.53748	5.39338
26	79750	85087	k27_peak_606	74	.	1.83007	8.67577	7.47022
26	87072	94331	k27_peak_607	45	.	1.54813	5.62587	4.50208
26	129504	130560	k27_peak_608	30	.	2.08397	4.11335	3.03536
26	134661	137271	k27_peak_609	61	.	2.43467	7.28714	6.11660
26	149121	150194	k27_peak_610	59	.	2.85233	7.11033	5.95330
26	158306	161156	k27_peak_611	201	.	3.10473	21.63445	20.14099
26	162578	164248	k27_peak_612	74	.	2.32592	8.62031	7.41969
26	167099	169257	k27_peak_613	177	.	3.95797	19.13950	17.70327
26	200494	203365	k27_peak_614	145	.	3.42768	15.87689	14.51640
26	216245	219772	k27_peak_615	165	.	4.34967	17.99833	16.58493
26	282296	282500	k27_peak_616	13	.	1.89579	2.41567	1.39588
26	284599	286200	k27_peak_617	116	.	3.47885	12.99631	11.69890
26	293648	293874	k27_peak_618	55	.	2.46544	6.75331	5.59550
26	313640	316231	k27_peak_619	75	.	3.06017	8.76009	7.55481
26	365745	368846	k27_peak_620	133	.	2.55374	14.67128	13.33073
26	373020	373819	k27_peak_621	16	.	1.84329	2.67467	1.64442
26	387551	387862	k27_peak_622	19	.	1.95197	3.00234	1.95935
26	417141	418042	k27_peak_623	65	.	2.85867	7.74501	6.56545
26	423885	432259	k27_peak_624	127	.	2.20038	14.04320	12.71712
26	436177	437652	k27_peak_625	55	.	1.77404	6.68561	5.53178
26	438565	440323	k27_peak_626	62	.	1.93867	7.40364	6.23368
27	449	1744	k27_peak_627	143	.	2.31908	15.73921	14.38489
27	10295	17958	k27_peak_628	222	.	3.20045	23.82651	22.26737
27	19716	21659	k27_peak_629	22	.	1.34076	3.25139	2.20171
27	30439	31438	k27_peak_630	25	.	2.16522	3.64148	2.57705
27	73678	75284	k27_peak_631	26	.	1.37333	3.70346	2.63580
27	76694	78280	k27_peak_632	70	.	1.69092	8.23874	7.04194
27	87235	88794	k27_peak_633	94	.	3.47845	10.65326	9.40090
27	89800	90472	k27_peak_634	61	.	2.79014	7.33572	6.17087
27	171546	175402	k27_peak_635	160	.	4.14665	17.44672	16.04644
27	196998	197511	k27_peak_636	19	.	2.09336	2.99425	1.95120
27	238525	238892	k27_peak_637	22	.	2.02355	3.30657	2.25259
27	260228	263626	k27_peak_638	49	.	2.59351	6.06620	4.92877
27	311277	317267	k27_peak_639	134	.	3.34327	14.79798	13.45725
27	331414	331875	k27_peak_640	22	.	1.98278	3.27154	2.21929
27	372715	373811	k27_peak_641	61	.	3.23452	7.33091	6.15984
27	381372	382836	k27_peak_642	176	.	4.32747	19.09107	17.65249
27	385885	388726	k27_peak_643	91	.	2.36533	10.38007	9.14191
27	390595	398586	k27_peak_644	216	.	3.23280	23.14882	21.61694
28	111	8994	k27_peak_645	265	.	5.76753	28.24982	26.58526
28	36289	37544	k27_peak_646	199	.	4.92735	21.45360	19.95610
28	108122	109020	k27_peak_647	32	.	2.16642	4.32382	3.23760
28	156721	157195	k27_peak_648	21	.	1.98606	3.22572	2.17649
28	173124	174279	k27_peak_649	68	.	2.82811	7.99286	6.80572
28	182256	183220	k27_peak_650	49	.	2.56734	6.09590	4.96242
28	207351	209528	k27_peak_651	315	.	5.85222	33.32841	31.55086
28	220096	225169	k27_peak_652	482	.	8.76852	50.65910	48.24722
28	231175	231943	k27_peak_653	16	.	1.87172	2.68268	1.65284
28	240084	242251	k27_peak_654	115	.	2.56802	12.84944	11.55256
28	271836	273921	k27_peak_655	95	.	3.28708	10.75999	9.51055
28	328906	330279	k27_peak_656	89	.	2.73064	10.22777	8.98670
28	383681	387582	k27_peak_657	424	.	5.33607	44.57296	42.45377
29	1748	3242	k27_peak_658	50	.	1.91669	6.19546	5.05842
29	13893	18651	k27_peak_659	270	.	4.78852	28.70188	27.02804
29	27935	29512	k27_peak_660	76	.	2.13082	8.84734	7.63989
29	33097	38725	k27_peak_661	75	.	1.70463	8.70218	7.50037
29	45547	51682	k27_peak_662	78	.	1.86770	9.10560	7.89248
29	69110	70717	k27_peak_663	38	.	2.36697	4.97398	3.86996
29	88262	90074	k27_peak_664	50	.	2.43444	6.14585	5.00930
29	105433	109722	k27_peak_665	87	.	1.83389	9.93315	8.70595
29	111721	113247	k27_peak_666	39	.	1.67851	5.03170	3.92187
29	150775	152100	k27_peak_667	87	.	3.34101	10.02608	8.79161
29	157522	161511	k27_peak_668	106	.	3.29068	11.88574	10.61175
29	169896	170117	k27_peak_669	44	.	1.55373	5.59271	4.46882
29	206236	207355	k27_peak_670	105	.	2.61993	11.84579	10.56479
29	213260	213665	k27_peak_671	18	.	1.32232	2.86788	1.83072
29	245984	249165	k27_peak_672	70	.	2.33457	8.27546	7.09179
29	283594	284459	k27_peak_673	24	.	2.09234	3.53687	2.47539
29	330452	331177	k27_peak_674	12	.	1.76285	2.26652	1.25329
29	333562	337961	k27_peak_675	49	.	1.71628	6.11212	4.97665
29	341774	342691	k27_peak_676	26	.	1.43290	3.67544	2.61128
3	1084	9797	k27_peak_677	57	.	1.76100	6.93873	5.78407
3	18509	18719	k27_peak_678	14	.	1.81214	2.51923	1.49572
3	55377	57330	k27_peak_679	42	.	2.39670	5.32530	4.20873
3	59174	63258	k27_peak_680	90	.	3.01744	10.33098	9.09047
3	66150	67614	k27_peak_681	84	.	2.86908	9.67927	8.44991
3	71689	72706	k27_peak_682	29	.	2.13227	4.01590	2.93925
3	82178	83097	k27_peak_683	21	.	1.89232	3.24743	2.19674
3	88900	93084	k27_peak_684	32	.	1.44996	4.38459	3.29709
3	105111	113092	k27_peak_685	163	.	2.59089	17.73913	16.32920
3	114812	117066	k27_peak_686	198	.	3.07745	21.31434	19.81639
3	121159	125570	k27_peak_687	125	.	3.55068	13.87672	12.57215
3	142995	147082	k27_peak_688	69	.	2.99543	8.17211	6.97973
3	151637	153123	k27_peak_689	79	.	3.11059	9.18544	7.97336
3	182848	191563	k27_peak_690	202	.	3.51474	21.73943	20.23804
3	195401	198476	k27_peak_691	479	.	7.09255	50.40323	47.95708
3	209155	210035	k27_peak_692	119	.	3.26163	13.22494	11.92203
3	244897	246203	k27_peak_693	59	.	2.14396	7.07220	5.91805
3	257839	264190	k27_peak_694	401	.	6.89380	42.32431	40.18733
3	302902	304159	k27_peak_695	20	.	1.93241	3.13873	2.09201
3	345342	345566	k27_peak_696	17	.	1.84396	2.77206	1.73769
3	382329	384836	k27_peak_697	336	.	5.59385	35.44538	33.60398
3	428591	432309	k27_peak_698	99	.	3.14435	11.22105	9.96117
3	434191	436133	k27_peak_699	273	.	5.44121	28.98184	27.32470
3	471732	472077	k27_peak_700	19	.	2.06689	2.97911	1.93663
3	508204	508780	k27_peak_701	27	.	2.02593	3.81276	2.74422
3	555380	556779	k27_peak_702	72	.	2.94284	8.47110	7.27121
3	628289	632647	k27_peak_703	122	.	2.59705	13.52723	12.21319
3	695621	696519	k27_peak_704	27	.	2.13638	3.86056	2.78998
3	733358	734174	k27_peak_705	35	.	1.99666	4.65544	3.56104
3	746805	753297	k27_peak_706	74	.	2.78218	8.65259	7.45069
3	803956	810109	k27_peak_707	32	.	2.35159	4.37830	3.29178
3	872573	873395	k27_peak_708	25	.	1.85941	3.61202	2.54863
3	876404	876627	k27_peak_709	46	.	2.28473	5.79075	4.65987
3	888113	888641	k27_peak_710	79	.	3.15736	9.20445	7.98923
3	921608	925390	k27_peak_711	208	.	3.58123	22.34173	20.82388
3	958462	959469	k27_peak_712	68	.	2.78217	8.08562	6.89893
3	966724	982915	k27_peak_713	83	.	1.85502	9.54917	8.32623
3	1029584	1033641	k27_peak_714	148	.	3.19959	16.22182	14.84872
3	1039052	1041534	k27_peak_715	222	.	4.74758	23.74779	22.20613
3	1075449	1075798	k27_peak_716	16	.	1.86178	2.64254	1.61354
3	1084876	1091925	k27_peak_717	168	.	2.87315	18.30145	16.88373
3	1092873	1093247	k27_peak_718	63	.	1.93202	7.55819	6.38172
3	1096748	1098524	k27_peak_719	130	.	3.04875	14.42144	13.09861
3	1185064	1185307	k27_peak_720	34	.	2.33637	4.52792	3.43394
3	1228141	1229816	k27_peak_721	124	.	3.75868	13.73648	12.43294
3	1245804	1246416	k27_peak_722	17	.	1.95615	2.80425	1.76921
3	1260889	1261928	k27_peak_723	133	.	3.45960	14.71680	13.38416
3	1264225	1281668	k27_peak_724	293	.	3.93051	31.03391	29.31429
3	1327362	1328487	k27_peak_725	62	.	2.78684	7.42097	6.24839
3	1355206	1355538	k27_peak_726	10	.	1.71933	2.09057	1.08543
3	1378414	1379902	k27_peak_727	211	.	4.74660	22.66241	21.14154
3	1386383	1386858	k27_peak_728	20	.	1.73631	3.09846	2.05279
3	1398750	1401013	k27_peak_729	111	.	3.51715	12.39398	11.10891
3	1424480	1424922	k27_peak_730	27	.	2.14657	3.77263	2.70365
3	1434552	1442684	k27_peak_731	95	.	2.14551	10.77672	9.52656
3	1446325	1446941	k27_peak_732	50	.	2.16603	6.15615	5.01940
3	1451320	1453974	k27_peak_733	239	.	4.19542	25.48382	23.91084
30	1945	5319	k27_peak_734	67	.	1.89845	7.93118	6.74955
30	9984	20060	k27_peak_735	229	.	3.75647	24.56556	22.99955
30	22170	23432	k27_peak_736	18	.	1.30868	2.92661	1.88704
30	30082	30558	k27_peak_737	13	.	1.27713	2.36689	1.34909
30	31524	32199	k27_peak_738	17	.	1.31118	2.79857	1.76360
30	39225	41886	k27_peak_739	17	.	1.31841	2.81467	1.78001
30	55259	56743	k27_peak_740	198	.	3.70322	21.29061	19.80853
30	74023	76356	k27_peak_741	234	.	4.66030	25.02504	23.44415
30	106367	107312	k27_peak_742	27	.	2.00945	3.84161	2.77090
30	121706	122431	k27_peak_743	15	.	1.72515	2.60558	1.57829
30	147298	148517	k27_peak_744	55	.	2.58222	6.73010	5.57576
30	186831	190459	k27_peak_745	229	.	4.42721	24.54222	22.97992
30	234806	237015	k27_peak_746	153	.	2.99504	16.74882	15.37010
30	245766	251185	k27_peak_747	65	.	2.74579	7.70251	6.52874
30	252384	253282	k27_peak_748	19	.	1.84949	3.04133	1.99876
30	255132	257049	k27_peak_749	80	.	2.79101	9.22251	8.00738
30	306629	309259	k27_peak_750	26	.	2.03929	3.71521	2.64896
30	310219	311038	k27_peak_751	83	.	2.62182	9.52996	8.31455
30	311912	312303	k27_peak_752	76	.	2.27074	8.90693	7.69716
30	313916	315167	k27_peak_753	29	.	1.64242	3.98702	2.91193
31	0	2698	k27_peak_754	220	.	5.24913	23.66678	22.04489
31	17274	44511	k27_peak_755	216	.	2.97370	23.23457	21.69190
31	86429	87872	k27_peak_756	37	.	2.20128	4.86686	3.76330
31	149002	150216	k27_peak_757	19	.	1.83814	2.94177	1.90147
31	154287	155630	k27_peak_758	52	.	2.26274	6.36624	5.22874
31	158373	159135	k27_peak_759	14	.	1.78252	2.46560	1.44387
31	170780	172089	k27_peak_760	194	.	3.58413	20.94507	19.46908
31	174823	176617	k27_peak_761	87	.	2.80062	10.01825	8.78406
31	188166	189498	k27_peak_762	47	.	2.34796	5.90177	4.76832
31	193836	213642	k27_peak_763	261	.	4.97788	27.81584	26.16819
31	214810	218699	k27_peak_764	106	.	2.33324	11.96083	10.68471
31	219656	240172	k27_peak_765	298	.	4.23179	31.53533	29.80503
31	246697	258242	k27_peak_766	294	.	4.21517	31.14320	29.41854
32	66	858	k27_peak_767	28	.	1.48302	3.90805	2.83627
32	2057	6161	k27_peak_768	188	.	3.16589	20.32512	18.86788
32	24914	28948	k27_peak_769	127	.	3.72687	14.07737	12.75986
32	50925	51130	k27_peak_770	12	.	1.59650	2.25735	1.24430
32	63356	66680	k27_peak_771	243	.	4.86249	25.95003	24.35495
32	86408	88499	k27_peak_772	27	.	2.19518	3.85192	2.78255
32	102065	103673	k27_peak_773	313	.	4.57507	33.08577	31.31066
32	132628	136941	k27_peak_774	213	.	5.70444	22.87341	21.35347
32	147407	148284	k27_peak_775	33	.	2.63263	4.39305	3.30473
33	986	1423	k27_peak_776	18	.	1.34560	2.90224	1.86418
33	13744	14826	k27_peak_777	200	.	3.79909	21.54133	20.04870
33	49792	55242	k27_peak_778	103	.	1.98619	11.60127	10.33234
33	67664	81769	k27_peak_779	246	.	3.41234	26.26694	24.65505
33	82986	84679	k27_peak_780	17	.	1.32377	2.75783	1.72455
33	86818	87715	k27_peak_781	26	.	1.53335	3.73478	2.66595
4	2532	2901	k27_peak_782	11	.	1.23933	2.13317	1.12594
4	8454	15154	k27_peak_783	184	.	3.17151	19.91410	18.46258
4	48362	59438	k27_peak_784	105	.	2.18781	11.79608	10.52777
4	76429	81682	k27_peak_785	69	.	3.05068	8.12083	6.93466
4	92093	94082	k27_peak_786	44	.	2.46195	5.61289	4.48766
4	125077	126158	k27_peak_787	33	.	2.18677	4.42057	3.33128
4	160180	161482	k27_peak_788	21	.	1.99938	3.21774	2.16878
4	224368	229325	k27_peak_789	165	.	2.82698	17.93053	16.51987
4	290281	292638	k27_peak_790	73	.	2.98740	8.59209	7.39073
4	318564	319698	k27_peak_791	20	.	1.95255	3.05278	2.00791
4	339714	341857	k27_peak_792	175	.	3.86654	18.99423	17.56756
4	346258	347380	k27_peak_793	123	.	3.55887	13.71838	12.39801
4	358228	359238	k27_peak_794	85	.	3.22146	9.81783	8.59081
4	416985	417873	k27_peak_795	24	.	1.97785	3.56188	2.49909
4	449550	451142	k27_peak_796	132	.	3.41955	14.57597	13.24226
4	470542	472729	k27_peak_797	109	.	3.31489	12.27723	10.99524
4	490741	493234	k27_peak_798	128	.	3.38399	14.18370	12.86988
4	513876	515928	k27_peak_799	102	.	3.37179	11.55925	10.28985
4	528205	528573	k27_peak_800	12	.	1.71362	2.24704	1.23453
4	533928	534620	k27_peak_801	98	.	3.28753	11.09182	9.83442
4	542851	543059	k27_peak_802	20	.	1.96802	3.04892	2.00428
4	615578	616710	k27_peak_803	33	.	2.22208	4.38981	3.30112
4	660835	661293	k27_peak_804	131	.	2.85088	14.46770	13.13331
4	774106	774745	k27_peak_805	35	.	2.18900	4.63554	3.53802
4	788180	788957	k27_peak_806	30	.	1.97082	4.10962	3.02884
4	799913	800629	k27_peak_807	11	.	1.73299	2.19946	1.18895
4	804802	805424	k27_peak_808	59	.	2.44679	7.12993	5.96362
4	838118	838895	k27_peak_809	11	.	1.72504	2.11317	1.10673
4	857542	858586	k27_peak_810	36	.	2.25220	4.73176	3.63238
4	861483	862941	k27_peak_811	79	.	3.03895	9.19428	7.97963
4	872232	873958	k27_peak_812	45	.	2.41740	5.64905	4.52112
4	891661	892417	k27_peak_813	72	.	2.87675	8.42037	7.21847
4	913953	917896	k27_peak_814	309	.	4.59411	32.75183	30.98001
4	923486	931929	k27_peak_815	265	.	3.70892	28.20236	26.55681
4	968997	970997	k27_peak_816	33	.	2.18782	4.44865	3.36129
4	1010954	1011915	k27_peak_817	48	.	2.42163	5.98993	4.85625
4	1038386	1040913	k27_peak_818	26	.	1.64264	3.68429	2.61994
4	1043111	1052067	k27_peak_819	388	.	4.78785	40.86337	38.86890
4	1061345	1063159	k27_peak_820	149	.	2.98651	16.29185	14.91829
4	1184113	1185627	k27_peak_821	31	.	2.11833	4.22279	3.14137
4	1220321	1221210	k27_peak_822	65	.	2.70134	7.76511	6.58324
4	1255939	1258206	k27_peak_823	233	.	4.25255	24.88482	23.31689
4	1273089	1273563	k27_peak_824	22	.	2.04103	3.25824	2.20773
4	1289995	1296315	k27_peak_825	52	.	1.71066	6.38593	5.24129
4	1300360	1301878	k27_peak_826	32	.	2.02526	4.34309	3.26304
4	1315380	1316710	k27_peak_827	36	.	2.14275	4.70014	3.60264
4	1333249	1333641	k27_peak_828	16	.	1.84867	2.69715	1.66577
4	1356654	1360148	k27_peak_829	166	.	3.12668	18.05968	16.64469
5	13303	14384	k27_peak_830	20	.	1.34805	3.11597	2.07108
5	16040	16937	k27_peak_831	23	.	1.35720	3.44589	2.38720
5	22635	26862	k27_peak_832	94	.	3.91747	10.71439	9.46566
5	27742	29828	k27_peak_833	78	.	3.56179	9.08959	7.87685
5	49867	50340	k27_peak_834	33	.	2.50669	4.43327	3.34310
5	131227	139151	k27_peak_835	281	.	4.61374	29.89787	28.18300
5	185492	187768	k27_peak_836	464	.	7.32392	48.81131	46.47823
5	287051	287554	k27_peak_837	85	.	2.90450	9.74817	8.51858
5	364345	364959	k27_peak_838	148	.	4.13708	16.26952	14.89380
5	376558	378224	k27_peak_839	205	.	7.11195	22.06911	20.56377
5	387412	388068	k27_peak_840	66	.	1.68620	7.78253	6.60692
5	400600	401880	k27_peak_841	206	.	5.62041	22.15167	20.64963
5	423499	425944	k27_peak_842	133	.	2.86238	14.68751	13.34455
5	479912	480191	k27_peak_843	103	.	2.70704	11.59187	10.31991
5	530490	537424	k27_peak_844	424	.	5.17963	44.54015	42.44398
5	558706	561033	k27_peak_845	19	.	1.97574	3.01119	1.96861
5	617353	617949	k27_peak_846	59	.	2.84323	7.13711	5.97336
5	621473	622248	k27_peak_847	36	.	2.49601	4.79331	3.69283
5	648473	653586	k27_peak_848	474	.	7.11927	49.70403	47.40777
5	674509	674984	k27_peak_849	12	.	1.82037	2.29012	1.27584
5	704019	705863	k27_peak_850	98	.	3.13152	11.11441	9.85615
5	781687	784042	k27_peak_851	40	.	2.48323	5.12505	4.01311
5	814261	816960	k27_peak_852	113	.	2.80734	12.64337	11.36198
5	822397	822662	k27_peak_853	17	.	1.79160	2.75010	1.71675
5	853318	857071	k27_peak_854	139	.	2.98974	15.31295	13.95791
5	881394	882108	k27_peak_855	41	.	2.49581	5.27775	4.16177
5	883814	885449	k27_peak_856	130	.	3.73084	14.34449	13.01434
5	917931	918239	k27_peak_857	19	.	2.02258	3.03650	1.99302
5	927260	927509	k27_peak_858	13	.	1.71914	2.33146	1.31533
5	928513	929822	k27_peak_859	28	.	2.02116	3.95733	2.88224
5	933687	934193	k27_peak_860	18	.	1.83131	2.87669	1.83876
5	935952	936160	k27_peak_861	14	.	1.76983	2.44624	1.42508
5	947998	950830	k27_peak_862	263	.	4.18640	28.02369	26.34758
5	970529	977326	k27_peak_863	76	.	1.83803	8.90698	7.69994
5	1005846	1006635	k27_peak_864	19	.	1.91847	2.94362	1.90280
5	1008691	1009577	k27_peak_865	42	.	2.34509	5.34838	4.23429
5	1012841	1020887	k27_peak_866	111	.	2.22657	12.45531	11.16411
5	1025039	1026813	k27_peak_867	34	.	2.13233	4.50922	3.41926
5	1056194	1059535	k27_peak_868	285	.	4.77146	30.23302	28.53117
5	1070621	1076668	k27_peak_869	143	.	2.43927	15.68661	14.32600
5	1087719	1090849	k27_peak_870	128	.	5.67454	14.22843	12.89549
5	1096893	1097348	k27_peak_871	27	.	1.47833	3.82893	2.75818
6	2841	4743	k27_peak_872	47	.	1.60594	5.84472	4.72117
6	12078	15670	k27_peak_873	214	.	4.44277	23.03422	21.48163
6	30470	31390	k27_peak_874	19	.	1.91804	2.99156	1.95035
6	35726	36082	k27_peak_875	128	.	3.54264	14.15826	12.83065
6	64399	64833	k27_peak_876	44	.	2.45203	5.58532	4.46210
6	85216	85756	k27_peak_877	15	.	1.76865	2.53421	1.50973
6	170917	173025	k27_peak_878	130	.	3.76244	14.38933	13.05760
6	220899	226285	k27_peak_879	88	.	3.15429	10.06900	8.83342
6	247452	250697	k27_peak_880	126	.	2.23460	13.97914	12.64903
6	254492	257239	k27_peak_881	175	.	3.30554	19.03932	17.59987
6	354869	355617	k27_peak_882	54	.	2.74834	6.62125	5.48083
6	370140	372108	k27_peak_883	24	.	2.01423	3.53628	2.47506
6	375449	380273	k27_peak_884	351	.	4.49709	37.06174	35.17154
6	395988	398780	k27_peak_885	94	.	3.25890	10.64414	9.40292
6	424697	426351	k27_peak_886	228	.	4.41942	24.39931	22.85055
6	428532	428749	k27_peak_887	14	.	1.70915	2.47434	1.45198
6	469257	470248	k27_peak_888	30	.	1.53500	4.15801	3.07915
6	485900	486280	k27_peak_889	47	.	2.40276	5.91772	4.78464
6	580309	582006	k27_peak_890	51	.	2.41799	6.30108	5.15548
6	591096	593115	k27_peak_891	235	.	4.55957	25.11783	23.54899
6	663557	664073	k27_peak_892	24	.	1.74752	3.47238	2.41313
6	709230	709871	k27_peak_893	15	.	1.28867	2.55277	1.52737
6	712841	713566	k27_peak_894	20	.	1.33793	3.08099	2.03557
6	717933	729979	k27_peak_895	105	.	2.03369	11.85796	10.58295
6	732487	733014	k27_peak_896	38	.	1.55162	4.94135	3.83500
6	785884	788159	k27_peak_897	483	.	7.21863	50.88974	48.38475
6	833651	835566	k27_peak_898	43	.	2.50653	5.49386	4.37185
6	846393	849052	k27_peak_899	209	.	4.47061	22.41605	20.90983
6	862009	864373	k27_peak_900	283	.	5.08435	30.03826	28.33309
6	896034	897380	k27_peak_901	56	.	2.70662	6.78302	5.63037
6	1009866	1011704	k27_peak_902	84	.	2.99635	9.65908	8.42922
6	1024800	1029697	k27_peak_903	161	.	2.52627	17.53781	16.13218
7	4836	5384	k27_peak_904	52	.	3.03658	6.41380	5.26581
7	30520	37160	k27_peak_905	171	.	2.80459	18.60795	17.18086
7	56062	57294	k27_peak_906	51	.	2.39068	6.34202	5.19634
7	89485	90602	k27_peak_907	174	.	3.96732	18.89478	17.46490
7	107563	107862	k27_peak_908	17	.	1.80548	2.77457	1.74082
7	136113	138672	k27_peak_909	48	.	2.56406	6.02700	4.89318
7	162347	163099	k27_peak_910	17	.	1.95880	2.75217	1.71933
7	209957	212890	k27_peak_911	337	.	5.10755	35.63972	33.72591
7	221850	223611	k27_peak_912	221	.	6.42869	23.78084	22.17805
7	250734	259661	k27_peak_913	258	.	5.57785	27.51496	25.86333
7	264284	270699	k27_peak_914	178	.	3.40071	19.27825	17.83446
7	341243	341523	k27_peak_915	16	.	1.89065	2.67696	1.64639
7	357556	365149	k27_peak_916	534	.	7.99780	56.04269	53.48119
7	404899	405620	k27_peak_917	68	.	2.24948	8.08295	6.89474
7	408087	415451	k27_peak_918	335	.	3.88641	35.36388	33.54313
7	480953	488179	k27_peak_919	209	.	3.36611	22.42409	20.91315
7	680538	681453	k27_peak_920	81	.	5.01488	9.34934	8.12583
7	697192	697408	k27_peak_921	45	.	1.54963	5.65164	4.52566
7	710254	710586	k27_peak_922	27	.	2.09991	3.87077	2.79876
7	721780	729492	k27_peak_923	79	.	1.91077	9.20063	7.98285
7	731720	733082	k27_peak_924	188	.	3.93707	20.29602	18.83505
7	775970	781453	k27_peak_925	473	.	7.13801	49.62795	47.32120
7	784651	785793	k27_peak_926	34	.	2.28243	4.54670	3.45193
7	805237	807059	k27_peak_927	283	.	5.09675	30.01966	28.31635
7	879475	885618	k27_peak_928	563	.	9.04624	59.06256	56.38591
7	926876	939312	k27_peak_929	409	.	6.14494	43.05822	40.96481
7	1024722	1026189	k27_peak_930	62	.	1.78706	7.36978	6.20194
7	1028032	1028744	k27_peak_931	23	.	1.38089	3.40837	2.35231
8	640	1241	k27_peak_932	54	.	1.67179	6.60212	5.45706
8	16178	17439	k27_peak_933	19	.	2.10921	3.00819	1.96545
8	19754	35052	k27_peak_934	339	.	6.30781	35.80564	33.94645
8	38148	39793	k27_peak_935	36	.	2.46673	4.73842	3.64088
8	49268	50206	k27_peak_936	35	.	2.29074	4.66348	3.56721
8	66240	67941	k27_peak_937	22	.	1.92745	3.27895	2.22576
8	80666	81372	k27_peak_938	32	.	2.12258	4.34896	3.26079
8	87319	89338	k27_peak_939	30	.	2.03864	4.13902	3.05928
8	93836	96654	k27_peak_940	20	.	1.91375	3.06921	2.02525
8	99839	100262	k27_peak_941	18	.	1.91237	2.89861	1.86114
8	130196	133045	k27_peak_942	160	.	3.06729	17.43243	16.03633
8	134501	135034	k27_peak_943	13	.	1.63839	2.40884	1.38933
8	145834	150160	k27_peak_944	163	.	3.87172	17.75019	16.33290
8	153325	158436	k27_peak_945	182	.	3.76130	19.68338	18.23899
8	166351	169343	k27_peak_946	115	.	3.23591	12.85394	11.57122
8	193958	197540	k27_peak_947	37	.	1.49444	4.82632	3.72551
8	226858	227968	k27_peak_948	36	.	2.27984	4.73591	3.63742
8	247037	248027	k27_peak_949	28	.	2.14453	3.91750	2.84504
8	277761	280032	k27_peak_950	30	.	2.21734	4.09418	3.01480
8	291933	293049	k27_peak_951	59	.	2.73899	7.09508	5.93489
8	336881	338111	k27_peak_952	63	.	2.81766	7.56011	6.38577
8	341176	342357	k27_peak_953	199	.	4.46721	21.41599	19.92887
8	373024	374087	k27_peak_954	59	.	2.47676	7.10563	5.94329
8	416215	422337	k27_peak_955	68	.	2.93452	8.03066	6.84461
8	447172	447596	k27_peak_956	20	.	2.06902	3.12901	2.08165
8	468594	469449	k27_peak_957	17	.	1.84398	2.82039	1.78416
8	539574	541010	k27_peak_958	98	.	2.94365	11.07222	9.81338
8	548273	548847	k27_peak_959	16	.	1.89948	2.68458	1.65484
8	562577	564294	k27_peak_960	41	.	2.40481	5.30989	4.19378
8	661750	664759	k27_peak_961	286	.	5.38728	30.36456	28.66282
8	674775	676188	k27_peak_962	85	.	3.30066	9.79637	8.56484
8	684562	685172	k27_peak_963	17	.	1.49633	2.80800	1.77251
8	734300	735822	k27_peak_964	42	.	2.14098	5.39051	4.27276
8	776044	776481	k27_peak_965	14	.	1.85969	2.47184	1.44960
8	824087	831130	k27_peak_966	526	.	8.54839	55.20135	52.69133
8	853673	854274	k27_peak_967	157	.	2.52783	17.18373	15.78706
8	900988	901261	k27_peak_968	13	.	1.25720	2.32016	1.30443
8	910787	912621	k27_peak_969	104	.	3.03536	11.73616	10.46452
8	919541	920782	k27_peak_970	134	.	3.95141	14.77513	13.43077
8	924303	927290	k27_peak_971	177	.	5.10707	19.15482	17.72043
8	980510	994657	k27_peak_972	117	.	2.51620	13.09556	11.78989
8	997800	998470	k27_peak_973	20	.	1.36875	3.04965	2.00508
8	1002433	1004658	k27_peak_974	37	.	1.61377	4.86360	3.76420
8	1005674	1006765	k27_peak_975	32	.	1.66946	4.36322	3.27535
9	91992	94445	k27_peak_976	53	.	1.83403	6.45638	5.31468
9	196371	196794	k27_peak_977	14	.	1.72362	2.45503	1.43349
9	286629	288441	k27_peak_978	167	.	4.11618	18.15423	16.73997
9	313652	335387	k27_peak_979	223	.	3.50275	23.92508	22.36561
9	359485	360054	k27_peak_980	38	.	2.15651	4.99659	3.89155
9	404665	404941	k27_peak_981	22	.	1.49379	3.29248	2.24139
9	472338	472612	k27_peak_982	15	.	1.76448	2.60774	1.58000
9	482924	485086	k27_peak_983	60	.	2.65014	7.25227	6.08466
9	549245	557830	k27_peak_984	204	.	3.74124	21.94265	20.42968
9	578287	582831	k27_peak_985	347	.	6.49794	36.66761	34.76019
9	600339	603145	k27_peak_986	68	.	2.42592	8.08872	6.89410
9	605461	613854	k27_peak_987	203	.	3.25007	21.88246	20.37355
9	689406	692502	k27_peak_988	271	.	5.70490	28.82150	27.16547
9	721882	722544	k27_peak_989	13	.	1.84606	2.39039	1.37171
9	724668	725367	k27_peak_990	22	.	2.09379	3.30521	2.25234
9	728346	729579	k27_peak_991	14	.	1.84265	2.51962	1.49589
9	744662	746886	k27_peak_992	265	.	5.30385	28.16966	26.51558
9	756718	757975	k27_peak_993	132	.	3.76732	14.62068	13.28400
9	769237	769943	k27_peak_994	175	.	4.42679	18.94337	17.51675
9	785705	785914	k27_peak_995	16	.	1.85717	2.73185	1.69904
9	843310	843518	k27_peak_996	34	.	2.33319	4.54006	3.44587
9	852123	852471	k27_peak_997	23	.	2.01665	3.45727	2.39823
9	869930	870404	k27_peak_998	61	.	2.65253	7.27431	6.10894
9	881807	882568	k27_peak_999	23	.	1.98539	3.42127	2.36478
9	898551	901345	k27_peak_1000	156	.	4.36184	17.08815	15.69615
9	902265	902961	k27_peak_1001	77	.	2.90233	8.98854	7.78047
9	908116	908379	k27_peak_1002	19	.	1.92249	3.03018	1.98633
9	924230	927566	k27_peak_1003	329	.	5.13356	34.76836	32.94412
9	929740	934065	k27_peak_1004	39	.	2.31866	5.07705	3.96859
9	957185	957472	k27_peak_1005	22	.	1.93493	3.29587	2.24360
9	963965	965431	k27_peak_1006	52	.	2.36937	6.39380	5.24716
9	1000884	1002194	k27_peak_1007	95	.	1.88026	10.79185	9.54821
bd_10x23	35	5647	k27_peak_1008	166	.	2.65457	18.03861	16.62067
bd_10x23	6904	8168	k27_peak_1009	214	.	3.28492	22.98516	21.44872
bd_10x23	61051	64347	k27_peak_1010	235	.	4.51839	25.12748	23.55055
bd_10x23	66091	73762	k27_peak_1011	222	.	4.00934	23.86271	22.29401
bd_11x23	4073	5059	k27_peak_1012	18	.	1.93821	2.87412	1.83608
bd_12x23	5	4221	k27_peak_1013	335	.	7.46846	35.32950	33.50219
bd_14x6	62	7725	k27_peak_1014	215	.	4.81530	23.04988	21.52381
bd_15x14	54	672	k27_peak_1015	57	.	1.84018	6.92296	5.77001
bd_15x14	3199	4829	k27_peak_1016	255	.	4.66301	27.16449	25.53773
bd_15x14	7946	14826	k27_peak_1017	194	.	3.17029	20.94155	19.46360
bd_17x31	0	9606	k27_peak_1018	261	.	3.55221	27.75089	26.11240
bd_17x31	15335	17984	k27_peak_1019	293	.	5.33219	31.06683	29.35483
bd_17x31	23892	37253	k27_peak_1020	181	.	2.67849	19.57710	18.12403
bd_18x34	382	3895	k27_peak_1021	93	.	1.96244	10.61753	9.37211
bd_19x34	13653	17058	k27_peak_1022	37	.	1.51919	4.90077	3.79622
bd_1x2	944	1174	k27_peak_1023	77	.	3.70015	8.97545	7.76469
bd_1x2	7587	18889	k27_peak_1024	382	.	5.10477	40.24023	38.20597
bd_1x2	20693	21679	k27_peak_1025	74	.	2.45137	8.64250	7.44074
bd_1x2	24258	30376	k27_peak_1026	85	.	1.97183	9.80650	8.58134
bd_1x2	34144	34371	k27_peak_1027	40	.	1.58639	5.19671	4.08216
bd_20x24	8	3730	k27_peak_1028	315	.	4.22328	33.32704	31.52069
bd_20x24	8148	12733	k27_peak_1029	163	.	3.08150	17.77328	16.36299
bd_20x24	13598	14496	k27_peak_1030	42	.	1.53343	5.33137	4.21700
bd_21x34	833	2782	k27_peak_1031	57	.	1.57493	6.87213	5.71818
bd_21x34	3792	6485	k27_peak_1032	82	.	1.76404	9.52186	8.29815
bd_22x34	0	1158	k27_peak_1033	216	.	3.10422	23.17715	21.64398
bd_22x34	3477	5424	k27_peak_1034	40	.	1.87490	5.15129	4.05036
bd_23x34	22	1791	k27_peak_1035	41	.	2.96104	5.22872	4.11672
bd_23x34	5686	6155	k27_peak_1036	117	.	3.00871	13.07275	11.77436
bd_24x34	0	10162	k27_peak_1037	142	.	3.12836	15.57098	14.21697
bd_24x34	11850	12790	k27_peak_1038	22	.	1.37921	3.26638	2.21482
bd_25x34	375	3930	k27_peak_1039	127	.	2.17739	14.07197	12.74837
bd_26x34	1778	5049	k27_peak_1040	48	.	2.90769	6.02359	4.89075
bd_26x34	11922	14540	k27_peak_1041	89	.	2.12334	10.16247	8.92570
bd_26x34	30973	33391	k27_peak_1042	35	.	2.27011	4.68409	3.58654
bd_26x34	34593	36820	k27_peak_1043	29	.	1.93203	4.02185	2.94402
bd_26x34	41688	41965	k27_peak_1044	58	.	1.68824	7.05002	5.88761
bd_27x34	6421	10790	k27_peak_1045	201	.	3.75628	21.69286	20.19251
bd_27x34	15495	16018	k27_peak_1046	52	.	2.79525	6.38331	5.23461
bd_27x34	22441	24624	k27_peak_1047	294	.	5.67913	31.22915	29.43402
bd_28x34	18428	22403	k27_peak_1048	176	.	3.49433	19.10694	17.66950
bd_29x34	447	2222	k27_peak_1049	17	.	1.38923	2.76675	1.73340
bd_29x34	3385	7900	k27_peak_1050	103	.	1.94577	11.59174	10.32240
bd_31x35	36	7836	k27_peak_1051	257	.	3.78019	27.37168	25.74899
bd_31x35	16081	23886	k27_peak_1052	60	.	1.79909	7.24507	6.07742
bd_31x35	27089	28266	k27_peak_1053	109	.	4.22414	12.24752	10.96060
bd_31x35	92595	92961	k27_peak_1054	24	.	1.90467	3.54037	2.47820
bd_31x35	98896	99297	k27_peak_1055	25	.	2.08620	3.64871	2.58266
bd_31x35	114811	115757	k27_peak_1056	145	.	3.72958	15.92092	14.55434
bd_31x35	163195	165375	k27_peak_1057	36	.	1.50472	4.76362	3.66687
bd_31x35	166485	167147	k27_peak_1058	25	.	1.42042	3.60153	2.53972
bd_31x35	172576	177157	k27_peak_1059	55	.	1.70309	6.70661	5.55600
bd_32x35	735	4575	k27_peak_1060	203	.	3.22627	21.81131	20.31671
bd_32x35	13484	13712	k27_peak_1061	13	.	1.80115	2.36498	1.34766
bd_32x35	22215	23795	k27_peak_1062	103	.	3.41791	11.66114	10.39735
bd_32x35	67429	67946	k27_peak_1063	24	.	2.07262	3.53853	2.47772
bd_32x35	73290	74855	k27_peak_1064	292	.	5.80564	30.99463	29.23926
bd_32x35	78546	87976	k27_peak_1065	236	.	3.35052	25.26832	23.68639
bd_32x35	96765	99367	k27_peak_1066	362	.	5.55295	38.23080	36.29407
bd_32x35	102334	105587	k27_peak_1067	129	.	3.45927	14.31880	12.98786
bd_32x35	128604	129416	k27_peak_1068	20	.	2.02959	3.14086	2.09358
bd_32x35	142087	143914	k27_peak_1069	74	.	2.25208	8.64346	7.45284
bd_32x35	145849	147350	k27_peak_1070	156	.	3.82176	17.02159	15.63026
bd_32x35	192332	197455	k27_peak_1071	351	.	6.33884	37.08178	35.17831
bd_32x35	200250	204763	k27_peak_1072	260	.	5.71258	27.76094	26.08581
bd_32x35	210928	217882	k27_peak_1073	57	.	2.52716	6.85997	5.71024
bd_32x35	240532	247767	k27_peak_1074	397	.	4.42260	41.80324	39.79026
bd_32x35	290712	293330	k27_peak_1075	129	.	2.44547	14.26640	12.93018
bd_33x35	51	1798	k27_peak_1076	134	.	2.14397	14.76431	13.41787
bd_33x35	5227	9367	k27_peak_1077	83	.	1.82944	9.54470	8.32027
bd_33x35	13936	26241	k27_peak_1078	124	.	2.19287	13.78018	12.45951
bd_33x35	32767	41211	k27_peak_1079	102	.	2.01415	11.53316	10.26052
bd_33x35	45949	46165	k27_peak_1080	48	.	1.59743	6.02877	4.89323
bd_34x35	581	24318	k27_peak_1081	104	.	2.14305	11.72441	10.45341
bd_34x35	26846	36301	k27_peak_1082	65	.	1.64460	7.69863	6.52450
bd_35x35	8453	19365	k27_peak_1083	175	.	2.51857	18.94676	17.51396
bd_35x35	22635	23017	k27_peak_1084	12	.	1.61696	2.30214	1.28714
bd_37x35	709	1201	k27_peak_1085	48	.	2.40305	5.95226	4.82323
bd_38x36	20	1621	k27_peak_1086	240	.	3.05725	25.64410	24.05243
bd_38x36	2431	7297	k27_peak_1087	139	.	2.54258	15.29993	13.94846
bd_38x36	8179	10207	k27_peak_1088	107	.	2.50665	12.01117	10.74434
bd_38x36	31891	32328	k27_peak_1089	26	.	1.37205	3.69908	2.63438
bd_38x36	42047	49373	k27_peak_1090	357	.	5.13110	37.82367	35.74604
bd_39x36	8768	9834	k27_peak_1091	314	.	5.14463	33.20829	31.44777
bd_3x5	0	2590	k27_peak_1092	585	.	10.47732	61.62049	58.54727
bd_41x36	0	5485	k27_peak_1093	308	.	5.92770	32.67949	30.89128
bd_43x36	35329	37742	k27_peak_1094	308	.	4.17767	32.63422	30.87372
bd_45x36	2104	3388	k27_peak_1095	67	.	3.98018	7.93024	6.74317
bd_46x36	0	4281	k27_peak_1096	428	.	9.15932	44.97900	42.84360
bd_4x5	6699	7317	k27_peak_1097	44	.	1.91895	5.58310	4.45871
bd_4x5	8369	9326	k27_peak_1098	30	.	2.01756	4.14268	3.06415
bd_51x36	0	373	k27_peak_1099	59	.	3.48210	7.13120	5.96918
bd_51x36	1557	2045	k27_peak_1100	14	.	2.19763	2.43691	1.41663
bd_52x36	186	596	k27_peak_1101	23	.	2.03344	3.37125	2.31534
bd_53x36	0	1900	k27_peak_1102	182	.	4.27322	19.67083	18.21822
bd_5x5	377	1749	k27_peak_1103	168	.	4.59047	18.22087	16.80489
bd_5x5	4663	6787	k27_peak_1104	59	.	3.10052	7.08134	5.92024
bd_5x5	7627	8347	k27_peak_1105	186	.	5.35665	20.11611	18.65689
bd_6x3	19	327	k27_peak_1106	17	.	2.86674	2.76812	1.73352
bd_8x17	25	12247	k27_peak_1107	207	.	3.04944	22.29807	20.78987
bd_8x17	15347	16799	k27_peak_1108	104	.	3.08116	11.70032	10.42650
bd_8x17	24533	25450	k27_peak_1109	33	.	2.44115	4.40567	3.31585
bd_8x17	26820	28657	k27_peak_1110	48	.	2.57159	6.02070	4.88668
bd_9x21	0	10579	k27_peak_1111	174	.	3.43010	18.90142	17.46716
bd_9x21	13233	14087	k27_peak_1112	16	.	1.95226	2.68882	1.65856
bd_9x21	31196	32570	k27_peak_1113	53	.	1.90306	6.45829	5.31800
