# cut position is between the residue before and the indicated position
#proteinid	nn_cutpos	neuro_net_vote	hmm_cutpos	hmm_signalpep_probability
76678	33	5	30	0.741
76669	20	5	20	0.997
76663	29	4	33	0.997
76648	46	2	46	0.969
76607	17	5	25	0.99
76579	16	0	49	0.983
76578	26	5	26	1
76571	24	5	29	0.959
76524	40	5	40	0.658
76517	28	5	28	1
76516	19	5	19	1
76493	26	5	26	0.989
76480	20	5	25	0.998
76478	28	5	29	0.926
76467	17	5	17	0.99
76448	37	0	37	0.999
76429	24	5	24	0.999
76418	22	5	30	0.994
76412	24	5	24	1
76411	31	5	35	0.981
76399	22	5	22	0.999
76394	40	2	40	0.979
76393	33	2	64	0.983
76376	25	0	52	0.957
76370	40	5	40	0.38
76350	34	1	39	0.981
76346	21	0	19	0.982
76333	20	5	26	0.212
76313	27	5	27	0.998
76292	33	5	33	0.962
76287	33	3	31	0.996
76262	26	5	26	0.999
76236	24	5	24	1
76226	24	4	24	0.993
76208	20	1	20	0.958
76178	23	4	32	0.994
76165	30	5	30	0.997
76159	24	2	24	0.997
76146	34	5	34	1
76081	47	0	43	0.999
75974	36	5	36	0.999
75969	20	5	20	0.999
75954	25	5	25	0.999
75871	25	5	25	0.724
75849	28	5	28	0.998
75835	37	5	37	0.779
75830	21	5	21	1
75809	17	5	23	0.962
75808	32	5	37	0.991
75785	24	5	24	0.965
75776	64	0	64	0.963
75773	27	3	27	0.997
75764	23	5	23	1
75736	18	5	18	0.946
75716	38	5	38	0.848
75614	33	5	33	0.885
75607	28	3	28	0.977
75603	23	5	23	1
75587	17	5	24	0.957
75566	34	5	34	0.996
75561	23	5	23	1
75545	32	5	32	0.005
75535	70	2	39	0.971
75533	30	5	30	0.998
75483	28	5	28	0.998
75482	27	5	27	0.974
75480	36	0	47	0.999
75464	26	5	33	0.994
75459	15	5	15	0.703
75457	32	5	32	0.995
75454	28	5	28	1
75419	20	5	20	0.997
75407	26	5	26	1
75406	24	5	24	1
75396	21	5	21	1
75393	20	4	20	0.999
75343	56	2	56	0.999
75305	26	5	25	0.751
75298	31	5	31	0.884
75265	29	5	29	0.995
75223	30	5	30	0.93
75217	35	4	35	0.996
75216	22	2	22	0.961
75212	20	5	20	1
75181	25	5	25	1
75179	30	2	28	0.975
75176	23	5	23	0.999
75167	20	5	20	0.284
75138	23	5	23	0.999
75134	21	5	21	1
75133	17	2	51	0.978
75130	27	5	27	0.928
75086	30	5	32	0.999
75085	39	2	39	0.991
75075	26	5	26	0.99
75067	27	3	27	0.983
75049	24	5	24	0.994
75041	25	4	25	0.985
75025	44	0	47	0.953
75001	42	2	42	0.97
74973	19	5	19	0.97
74972	17	5	17	0.998
74922	36	4	36	0.997
74868	27	5	27	0.906
74829	17	5	26	0.966
74819	26	5	26	0.636
74809	31	5	31	0.997
74806	19	5	19	0.933
74796	46	0	51	0.998
74781	27	5	27	0.996
74775	37	0	37	0.983
74754	30	5	33	1
74738	23	5	23	0.999
74731	26	5	26	1
74730	19	5	19	1
74724	35	5	33	0.963
74689	23	5	23	1
74681	19	5	19	1
74680	29	5	29	0.999
74677	13	0	47	0.96
74663	23	5	25	0.997
74656	24	5	22	0.99
74655	28	5	28	0.999
74624	25	5	25	1
74603	31	4	31	0.989
74602	31	5	31	1
74593	34	4	34	0.991
74590	23	5	23	1
74589	30	3	30	0.995
74532	42	0	42	0.987
74522	30	5	30	0.998
74517	33	5	33	1
74483	22	1	22	0.958
74463	22	5	22	1
74440	33	5	33	0.958
74439	33	3	33	0.98
74415	40	5	40	0.999
74394	28	5	28	1
74390	23	5	26	0.942
74380	27	5	27	0.643
74376	29	2	29	0.964
74361	29	5	34	0.971
74358	23	3	23	0.998
74352	36	0	36	0.998
74293	30	4	30	0.998
74290	30	4	37	0.989
74286	20	5	17	0.998
74285	22	5	22	0.812
74278	29	5	29	0.992
74269	16	2	16	0.99
74259	38	3	38	0.985
74244	25	5	25	0.998
74237	24	5	26	0.993
74236	24	5	26	0.993
74205	28	5	28	1
74196	29	5	29	1
74183	17	1	61	0.97
74182	24	3	24	0.987
74170	16	0	16	0.967
74145	24	5	24	0.998
74132	39	1	39	0.973
74123	19	4	19	0.991
74081	23	5	23	1
74078	26	5	26	1
74067	23	5	23	0.999
74057	38	4	44	0.997
74039	25	5	25	0.743
74035	19	0	55	0.976
74021	33	5	33	0.999
74016	23	5	23	0.649
74007	32	5	32	0.999
74006	18	0	20	0.991
73972	18	5	21	0.999
73967	34	5	34	1
73945	24	5	24	1
73928	22	5	22	0.885
73916	24	5	24	1
73902	34	5	34	0.996
73898	19	5	19	0.992
73890	26	5	26	0.621
73886	24	5	27	0.926
73802	23	5	23	0.976
73776	25	5	20	0.998
73752	17	5	19	0.996
73697	31	5	31	0.986
73682	48	1	48	0.995
73665	46	4	46	0.99
73656	30	4	30	1
73651	24	5	24	1
73635	29	5	29	0.382
73627	30	4	30	0.984
73619	16	4	16	0.98
73618	16	4	16	0.98
73613	41	5	41	0.999
73582	19	5	24	0.998
73571	23	5	23	0.999
73532	21	5	21	1
73527	19	5	21	1
73509	25	5	25	1
73508	27	5	27	0.914
73507	25	5	25	0.981
73505	29	4	31	0.961
73500	25	5	24	0.944
73477	32	5	32	0.968
73457	28	4	28	0.979
73450	37	5	37	0.882
73434	39	2	39	0.99
73394	24	5	24	0.981
73385	25	5	25	0.998
73363	20	4	20	0.995
73358	19	5	19	0.96
73354	22	5	22	0.987
73323	21	5	21	1
73318	29	3	29	0.989
73299	34	5	34	0.996
73295	27	4	27	0.973
73284	39	5	39	0.968
73283	23	5	23	0.999
73254	35	5	35	0.99
73252	28	4	30	0.997
73215	37	5	37	0.227
73178	23	5	35	0.7
73171	26	5	26	0.886
73137	14	5	19	0.989
73121	27	5	27	0.998
73111	24	5	24	0.999
73101	26	5	26	1
73058	32	5	32	0.894
73048	20	5	20	1
73046	31	5	31	0.946
72979	21	5	23	0.999
72973	20	1	59	0.966
72963	29	5	29	0.999
72962	30	5	30	0.967
72946	29	5	29	0.973
72905	30	4	30	0.999
72893	30	5	30	0.973
72889	43	1	46	0.962
72857	18	5	18	1
72817	20	5	20	0.956
72786	22	4	22	0.989
72781	32	5	32	0.667
72774	37	1	35	0.958
72771	31	5	31	0.993
72697	26	5	26	0.709
72672	21	5	21	0.994
72647	88	0	52	0.988
72621	25	5	25	1
72525	29	5	29	0.673
72520	32	5	32	0.998
72519	18	5	18	1
72503	20	5	22	0.997
72494	31	5	31	0.481
72482	25	4	25	0.992
72460	31	4	36	0.987
72449	20	5	20	0.999
72444	29	5	29	0.983
72428	28	5	28	0.994
72426	24	5	24	0.999
72378	36	5	36	0.001
72363	37	5	37	0.999
72292	24	0	24	0.982
72282	26	3	26	0.961
72281	29	5	29	0.641
72201	32	5	32	0.888
72162	32	5	32	0.994
72153	19	5	19	0.998
72124	29	4	32	0.958
72077	32	5	32	0.854
72068	38	5	38	0.979
72046	23	5	23	1
72034	22	5	22	1
72031	20	5	20	0.998
72013	28	5	28	0.877
71996	18	5	18	1
71991	36	4	38	0.998
71990	37	5	37	0.979
71988	29	5	29	0.999
71983	31	5	30	0.999
71967	23	4	23	1
71953	22	5	22	1
71935	44	2	44	0.986
71933	22	5	22	1
71930	22	5	22	1
71923	26	5	32	0.642
71920	28	5	31	1
71919	26	5	22	0.817
71913	27	2	34	0.994
71887	25	3	25	0.976
71856	21	5	24	0.508
71847	21	5	21	0.998
71839	17	4	19	0.995
71837	23	3	28	0.988
71788	35	5	35	0.895
71780	20	4	20	0.981
71775	38	5	29	0.021
71766	28	4	28	0.994
71764	26	5	26	0.988
71763	29	5	29	0.998
71726	16	4	16	0.981
71697	32	5	32	1
71676	17	4	31	0.982
71665	22	5	22	0.991
71645	22	4	22	0.988
71638	40	5	40	0.935
71603	20	5	20	1
71596	26	5	37	0.714
71593	28	5	28	0.999
71516	20	4	23	0.963
71510	18	5	18	0.996
71494	21	5	21	0.993
71476	32	5	32	0.988
71475	19	4	18	0.998
71470	27	5	27	0.87
71460	23	5	23	0.969
71454	29	5	37	0.862
71424	30	5	30	1
71400	24	5	24	1
71386	32	5	32	0.988
71367	26	5	26	0.974
71362	29	5	29	0.999
71342	25	5	25	0.933
71332	38	3	38	0.966
71327	22	5	22	1
71325	19	5	19	0.999
71323	29	5	29	0.999
71320	39	5	39	0.463
71318	25	5	25	0.064
71270	28	5	28	0.999
71242	20	3	34	0.986
71240	21	4	21	0.977
71217	17	0	54	0.963
71211	28	4	28	1
71204	43	1	47	0.962
71168	26	5	26	0.955
71155	35	5	35	0.994
71131	36	0	50	0.998
71128	27	2	27	0.953
71120	40	2	40	0.992
71087	36	1	25	0.959
71084	35	4	35	0.988
71073	16	5	16	0.997
71064	25	5	25	0.951
71052	28	5	28	0.945
71032	21	1	52	0.999
71031	25	5	26	1
71009	28	4	27	0.994
70991	35	5	35	0.959
70984	24	5	24	0.98
70971	32	5	32	0.765
70969	57	0	59	0.978
70963	36	5	36	0.983
70945	26	4	29	0.993
70917	25	5	25	0.999
70905	26	5	32	0.922
70880	29	5	27	0.998
70851	20	2	20	0.969
70850	24	5	24	0.979
70843	20	5	27	0.999
70822	52	1	55	0.981
70813	24	5	43	0.58
70808	25	5	25	1
70798	24	5	24	1
70765	32	5	32	0.839
70762	26	5	26	0.984
70754	22	5	22	0.484
70752	29	5	27	0.575
70750	34	5	34	0.971
70744	28	5	23	0.999
70742	51	0	51	0.984
70694	29	5	29	0.945
70690	21	4	21	0.956
70667	30	5	30	0.858
70658	22	5	22	1
70657	44	0	49	0.983
70656	30	5	30	0.999
70622	16	0	47	0.977
70593	19	2	19	0.992
70580	57	0	57	0.988
70573	20	5	20	1
70559	38	2	30	0.965
70557	31	5	31	0.986
70547	19	5	19	0.883
70507	23	5	23	0.997
70472	27	4	30	0.994
70442	27	1	61	0.993
70433	17	1	17	0.969
70429	17	5	17	0.998
70426	49	0	49	0.973
70425	24	5	24	0.993
70404	23	5	23	0.999
70402	24	5	24	0.999
70386	37	4	37	0.981
70372	28	3	26	0.977
70363	22	5	22	0.999
70361	29	5	29	0.998
70356	27	4	29	0.972
70328	20	5	20	0.999
70293	23	5	23	0.996
70284	22	5	22	1
70277	44	2	47	0.997
70269	30	5	30	0.98
70268	23	5	23	0.849
70242	24	4	24	0.999
70216	47	0	47	0.982
70202	27	5	59	0.992
70192	22	2	33	0.99
70177	29	2	35	0.986
70170	26	5	26	0.917
70157	19	5	19	0.993
70156	46	5	53	0.962
70086	32	1	32	0.997
70024	24	5	24	1
70004	26	5	31	0.985
70002	21	5	21	1
69985	28	5	28	0.988
69956	19	2	19	0.986
69953	27	1	27	0.986
69944	26	5	26	0.999
69922	26	5	26	0.04
69918	44	1	44	0.986
69895	32	5	32	0.913
69885	19	0	62	0.996
69884	38	4	38	0.983
69870	29	5	29	0.985
69869	26	4	31	0.991
69864	22	5	22	0.978
69857	27	5	27	1
69856	30	5	30	1
69850	23	4	23	0.99
69808	27	3	34	0.995
69783	16	3	53	0.999
69746	30	5	30	0.997
69736	24	0	26	0.986
69691	24	5	24	0.992
69681	31	5	39	0.755
69661	22	5	22	0.999
69606	22	5	22	0.999
69605	30	5	30	0.999
69598	27	0	35	0.967
69597	29	2	23	0.958
69577	22	5	22	0.998
69558	41	4	41	0.999
69554	24	4	28	0.955
69533	25	5	25	0.999
69524	23	5	23	1
69515	30	3	30	0.994
69507	26	5	31	0.992
69490	30	5	18	0.881
69489	20	5	20	1
69478	32	5	32	0.983
69467	26	5	26	0.999
69442	22	5	22	0.999
69395	33	5	33	0.998
69385	46	2	46	0.996
69364	17	3	17	0.966
69360	20	0	17	0.98
69356	21	5	24	1
69355	25	5	25	1
69343	33	5	33	0.926
69306	28	4	28	0.972
69302	18	1	56	0.992
69291	27	5	27	0.392
69290	28	5	28	0.483
69288	22	5	22	0.989
69264	30	0	24	0.967
69260	41	3	41	0.993
69252	22	5	26	0.988
69242	22	5	22	0.999
69226	25	5	25	1
69223	28	5	28	0.974
69188	16	0	49	0.966
69172	25	5	25	0.994
69171	20	5	20	0.995
69164	12	0	43	0.964
69132	28	5	28	0.999
69131	26	5	27	0.943
69127	34	5	34	0.999
69105	27	5	32	0.998
69091	23	5	23	1
69065	26	3	26	0.968
69052	17	1	27	0.96
69038	23	5	31	0.996
